573
573
313
30
-207
-346
-378
-268
-24
215
300
271
195
72
-140
-347
-423
-345
-231
-139
-24
105
110
-17
-187
-298
-392
-475
-497
-392
-232
-132
-104
-92
-88
-195
-350
-446
-459
-447
-428
-340
-182
-74
-52
-88
-178
-303
-478
-583
-546
-402
-247
-91
40
65
-72
-272
-423
-493
-477
-366
-159
36
123
72
-65
-220
-374
-448
-394
-234
-68
33
54
-6
-152
-303
-376
-349
-248
-114
17
107
92
-16
-142
-229
-266
-243
-141
11
132
153
106
5
-126
-260
-323
-262
-117
11
110
158
134
8
-176
-303
-329
-267
-144
11
144
163
49
-128
-308
-417
-435
-345
-182
5
73
27
-118
-311
-470
-546
-508
-309
-79
88
111
18
-155
-375
-571
-603
-443
-190
17
136
150
25
-242
-521
-641
-559
-383
-174
40
208
190
-33
-288
-430
-452
-418
-271
-32
163
167
35
-81
-133
-191
-231
-153
-13
33
-46
-119
-77
9
64
164
320
354
209
-29
-180
-187
-105
95
430
729
793
585
260
-43
-295
-374
-150
299
723
921
899
716
371
-28
-267
-179
97
400
687
906
963
793
500
288
166
91
81
219
470
674
780
845
856
718
418
119
-32
-15
126
375
728
1024
1062
821
468
133
-124
-224
-97
234
577
725
700
566
349
65
-155
-224
-103
39
154
245
322
317
228
105
22
-16
-77
-152
-161
-90
-15
20
47
98
94
-7
-156
-246
-274
-314
-347
-274
-124
-12
14
9
-12
-100
-296
-473
-498
-398
-284
-163
-13
72
-6
-230
-427
-513
-525
-483
-323
-113
7
-56
-211
-332
-404
-416
-342
-166
-6
-7
-133
-307
-450
-526
-455
-233
29
177
137
-69
-355
-638
-755
-638
-314
39
307
395
243
-144
-539
-766
-743
-527
-163
241
505
444
129
-243
-545
-715
-682
-410
14
299
343
211
2
-265
-510
-554
-349
-68
84
136
127
18
-207
-389
-362
-196
-73
-43
-40
-77
-245
-455
-506
-353
-144
-15
28
17
-117
-374
-599
-616
-423
-184
42
192
223
43
-301
-614
-711
-589
-355
-56
229
353
217
-128
-476
-676
-688
-521
-186
229
500
466
169
-212
-506
-701
-676
-370
125
511
592
436
130
-262
-630
-769
-517
-41
377
638
727
577
160
-320
-545
-437
-157
196
594
889
867
510
90
-166
-261
-226
8
428
779
818
645
428
219
-1
-96
81
403
618
671
654
583
420
218
178
322
490
540
549
539
474
307
212
308
489
580
582
577
512
353
187
187
354
539
639
694
684
542
280
71
30
122
269
420
563
605
463
192
-45
-144
-155
-95
78
305
444
400
232
62
-106
-261
-344
-240
-19
162
236
238
174
-2
-272
-458
-463
-338
-200
-41
148
223
100
-140
-338
-432
-491
-456
-275
-18
131
73
-71
-199
-353
-517
-557
-417
-220
-127
-131
-137
-176
-288
-424
-438
-323
-233
-226
-227
-189
-186
-275
-328
-257
-155
-144
-198
-218
-224
-295
-373
-349
-215
-101
-75
-87
-102
-148
-270
-347
-305
-192
-109
-61
-19
25
-28
-123
-188
-207
-211
-220
-185
-127
-65
-52
-41
-28
-44
-112
-189
-247
-280
-245
-152
-7
127
196
156
43
-145
-340
-436
-372
-202
0
180
279
204
-35
-306
-504
-553
-496
-290
1
234
254
101
-116
-321
-527
-600
-446
-171
35
90
83
-8
-200
-441
-541
-418
-255
-168
-95
-2
-15
-201
-374
-365
-248
-188
-145
-37
45
-35
-223
-317
-245
-172
-146
-95
20
48
-82
-223
-219
-156
-156
-164
-76
32
25
-35
-10
96
134
77
36
32
11
-58
-72
96
307
425
418
342
200
-7
-186
-205
9
305
564
687
677
524
275
19
-86
26
263
491
657
734
706
546
315
169
199
293
349
393
478
546
518
440
468
580
588
470
359
336
325
285
344
577
802
809
657
539
657
302
43
55
299
501
546
568
597
494
179
-100
-121
-23
20
101
311
514
484
252
75
-2
-155
-355
-339
-83
180
237
221
237
119
-208
-515
-512
-295
-88
44
205
295
128
-249
-510
-514
-388
-245
-54
181
237
8
-359
-597
-641
-591
-436
-151
132
179
-47
-364
-596
-717
-704
-508
-173
125
182
29
-215
-454
-658
-712
-559
-272
-30
70
29
-117
-344
-536
-591
-467
-274
-108
-9
-2
-121
-298
-381
-331
-206
-74
13
28
-107
-329
-499
-478
-306
-83
142
292
222
-86
-492
-750
-762
-552
-164
328
697
665
269
-285
-760
-1036
-956
-475
224
776
925
672
140
-539
-1113
-1271
-919
-273
362
790
877
556
-96
-736
-1073
-1010
-670
-167
337
612
521
164
-236
-546
-715
-718
-514
-232
-37
30
52
45
-46
-180
-286
-333
-396
-443
-388
-207
-9
131
227
231
79
-174
-397
-472
-432
-294
-58
183
304
245
106
-36
-165
-295
-311
-199
-68
34
146
301
380
315
174
29
-121
-279
-295
-94
215
448
570
583
435
98
-218
-311
-168
91
383
702
884
742
378
60
-73
-56
81
393
756
902
747
481
246
73
-38
59
365
669
770
726
616
432
179
15
100
332
530
658
754
758
559
272
140
171
229
286
425
608
622
460
303
242
196
120
125
278
416
389
265
208
187
104
11
74
231
276
159
36
-36
-101
-217
-238
-94
113
182
119
43
-40
-207
-406
-470
-313
-95
85
182
237
172
-66
-348
-521
-508
-396
-233
-32
155
191
42
-211
-404
-497
-516
-444
-272
-74
21
-41
-163
-254
-298
-307
-261
-169
-114
-179
-327
-448
-467
-358
-166
31
157
133
-77
-406
-711
-822
-660
-309
102
466
621
451
-19
-579
-921
-948
-727
-281
311
786
814
385
-185
-666
-993
-1093
-796
-110
517
742
616
351
-71
-646
-1063
-956
-430
62
357
574
655
338
-325
-778
-795
-614
-440
-128
338
597
364
-80
-364
-498
-674
-706
-374
151
407
318
163
16
-315
-719
-830
-539
-169
53
207
314
183
-258
-688
-826
-755
-575
-277
145
443
372
43
-298
-593
-818
-819
-512
-51
272
385
380
195
-213
-601
-763
-696
-483
-196
172
472
488
265
-27
-274
-502
-608
-460
-115
178
327
403
426
268
-21
-216
-250
-223
-213
-115
108
291
350
371
438
418
243
20
-115
-180
-199
-48
344
801
1045
1038
805
386
-170
-586
-587
-190
410
1020
1448
1502
1068
304
-398
-770
-716
-224
590
1404
1804
1615
1009
222
-504
-870
-653
68
906
1500
1684
1420
736
-85
-647
-704
-346
252
923
1429
1470
1021
346
-217
-532
-548
-186
443
991
1148
909
492
-4
-472
-691
-473
17
450
648
643
430
0
-469
-683
-522
-167
176
429
538
349
-103
-523
-704
-572
-273
91
376
437
182
-264
-653
-840
-756
-435
0
310
364
149
-233
-651
-923
-884
-546
-97
226
323
187
-190
-658
-947
-909
-610
-244
69
228
135
-234
-661
-867
-799
-568
-245
89
282
169
-189
-536
-726
-721
-547
-196
183
351
220
-86
-428
-670
-773
-620
-260
106
302
263
85
-199
-478
-634
-565
-342
-68
161
258
197
2
-226
-388
-434
-380
-189
-12
62
15
-69
-147
-220
-257
-194
-45
8
-72
-152
-187
-204
-254
-188
10
178
155
3
-146
-267
-444
-541
-378
-55
175
205
124
-16
-274
-571
-645
-438
-130
79
186
215
96
-176
-437
-486
-333
-145
-13
99
125
-1
-254
-398
-347
-170
4
115
165
74
-169
-386
-436
-243
56
307
437
423
202
-181
-512
-568
-345
5
372
660
734
491
-7
-465
-649
-570
-261
217
737
1045
936
502
4
-377
-573
-503
-71
541
1011
1152
1010
646
122
-387
-622
-436
31
569
1026
1283
1181
713
113
-319
-459
-296
122
712
1188
1336
1126
696
186
-237
-410
-217
206
683
1047
1168
997
543
55
-236
-262
-82
264
692
983
957
660
302
-2
-233
-277
-54
334
644
696
565
319
-46
-420
-579
-380
8
342
536
602
421
-26
-512
-739
-649
-395
-21
423
738
672
237
-279
-700
-955
-960
-603
3
517
684
538
190
-324
-865
-1135
-979
-535
-69
312
551
530
179
-336
-715
-872
-854
-671
-311
73
267
209
34
-171
-400
-621
-699
-590
-415
-274
-140
-11
62
19
-88
-185
-270
-346
-392
-380
-318
-246
-163
-60
56
128
102
-13
-245
-459
-589
-583
-418
-115
233
468
442
184
-153
-461
-682
-702
-429
11
345
447
347
123
-219
-576
-701
-510
-181
43
143
185
105
-146
-385
-414
-246
-109
-74
-41
31
-31
-216
-347
-304
-217
-226
-238
-133
-16
-60
-193
-269
-284
-374
-523
-527
-317
-92
29
107
202
135
-220
-643
-840
-756
-537
-240
201
624
652
214
-362
-764
-993
-1080
-824
-132
581
865
709
412
7
-581
-1099
-1097
-556
65
486
793
971
752
77
-541
-716
-618
-472
-203
311
794
841
556
315
158
-112
-406
-391
-45
250
402
588
816
835
559
244
65
-77
-221
-164
201
653
914
978
904
633
172
-217
-255
12
391
792
1115
1165
875
424
78
-61
-5
272
689
1000
994
708
379
91
-84
-8
353
771
973
871
604
260
-73
-218
-12
407
758
888
802
547
135
-256
-395
-230
65
338
564
640
458
97
-235
-382
-370
-265
-43
212
346
248
60
-55
-157
-263
-325
-249
-142
-139
-172
-130
-53
-58
-185
-280
-299
-332
-407
-409
-273
-116
-100
-165
-206
-216
-289
-395
-418
-303
-186
-192
-268
-301
-301
-375
-465
-414
-239
-117
-202
-358
-418
-423
-477
-481
-287
-2
84
-83
-269
-344
-410
-530
-521
-248
69
136
3
-109
-191
-386
-626
-639
-342
-24
88
108
180
143
-140
-476
-550
-366
-217
-159
10
304
401
174
-143
-282
-370
-550
-641
-363
100
362
325
245
186
-75
-515
-774
-590
-236
-28
119
382
587
356
-160
-489
-528
-522
-575
-399
61
422
334
84
-15
-70
-364
-697
-674
-351
-124
-89
58
356
417
70
-327
-466
-452
-568
-585
-281
153
313
198
91
32
-196
-547
-717
-554
-291
-88
116
347
410
218
-88
-297
-404
-457
-380
-153
133
330
399
363
184
-110
-354
-453
-382
-196
105
434
598
488
239
6
-155
-267
-226
46
394
572
556
476
348
112
-130
-159
64
315
475
550
595
510
258
51
73
238
381
473
596
670
579
387
281
292
301
305
409
587
670
586
446
355
246
151
172
369
601
672
633
562
434
205
-1
38
250
449
595
740
797
556
108
-237
-329
-223
-16
341
763
925
629
92
-304
-527
-604
-438
54
617
847
666
295
-79
-466
-770
-715
-237
288
532
489
302
-43
-500
-803
-695
-274
110
271
284
137
-198
-545
-668
-470
-148
93
222
214
-10
-368
-678
-726
-563
-285
28
267
272
9
-393
-705
-832
-739
-453
-57
263
328
174
-92
-392
-636
-734
-592
-315
-79
76
185
181
-16
-333
-556
-601
-560
-469
-266
20
217
205
53
-98
-258
-473
-592
-500
-247
6
189
317
311
63
-315
-596
-640
-507
-288
-5
274
365
198
-114
-367
-495
-500
-376
-138
109
250
191
-12
-250
-425
-445
-344
-158
22
107
16
-243
-498
-577
-498
-318
-71
178
270
74
-314
-614
-712
-682
-545
-163
342
590
424
25
-389
-806
-1135
-1097
-559
149
591
702
608
237
-464
-1136
-1309
-975
-456
81
663
1097
972
287
-475
-949
-1172
-1145
-643
237
968
1108
829
393
-202
-868
-1198
-901
-219
361
754
1031
1028
529
-172
-569
-558
-365
-87
390
853
917
563
182
8
-56
-88
74
430
632
500
277
200
213
205
300
591
850
802
523
242
53
-89
-34
336
861
1189
1138
847
403
-80
-402
-331
142
713
1130
1271
1131
710
158
-247
-308
-76
315
734
1050
1131
863
396
-56
-287
-307
-129
198
578
809
741
451
131
-103
-274
-347
-202
130
465
574
482
316
60
-288
-572
-515
-166
175
302
300
248
1
-405
-652
-503
-176
19
35
63
44
-196
-513
-559
-264
27
103
73
19
-204
-635
-942
-797
-345
65
298
419
300
-211
-906
-1313
-1173
-734
-225
300
715
742
264
-426
-958
-1197
-1205
-922
-306
383
752
677
345
-148
-728
-1228
-1326
-982
-450
29
422
673
607
176
-344
-744
-1000
-1094
-896
-347
283
681
802
688
298
-379
-1028
-1283
-1115
-708
-159
543
1105
1146
605
-128
-801
-1301
-1501
-1096
-160
787
1263
1252
864
126
-844
-1539
-1527
-940
-185
494
1045
1239
821
-55
-874
-1254
-1232
-917
-313
436
960
961
519
-13
-468
-816
-952
-746
-282
175
415
442
377
173
-188
-556
-732
-612
-366
-138
88
302
360
182
-95
-252
-272
-293
-328
-205
45
178
104
27
47
43
-114
-222
-132
6
-40
-165
-146
6
84
97
215
373
321
37
-194
-207
-116
-33
145
459
650
536
250
23
-129
-263
-230
63
473
723
722
558
277
-54
-242
-151
165
541
825
896
697
286
-56
-151
-36
186
525
887
1006
749
329
22
-118
-180
-38
470
1050
1246
1004
647
316
-76
-420
-339
231
835
1064
1053
990
693
63
-514
-592
-282
53
385
849
1209
1034
405
-185
-462
-573
-592
-258
412
930
920
622
345
37
-431
-790
-694
-262
112
326
544
684
475
-39
-484
-644
-650
-581
-324
135
504
555
369
109
-196
-597
-909
-893
-560
-117
253
466
446
113
-418
-901
-1093
-930
-526
-59
289
418
271
-124
-620
-923
-903
-623
-249
100
352
327
-75
-644
-962
-907
-644
-261
189
522
408
-163
-774
-1043
-983
-741
-280
377
845
709
123
-505
-938
-1228
-1212
-674
200
856
952
637
108
-554
-1209
-1465
-1079
-320
361
748
874
702
226
-429
-916
-1025
-799
-399
48
463
736
691
288
-236
-624
-759
-770
-683
-377
106
427
394
226
120
-31
-434
-845
-821
-442
-157
-50
182
500
460
-49
-495
-517
-450
-608
-697
-333
199
310
127
112
216
-9
-541
-779
-494
-190
-179
-119
269
582
396
-19
-170
-158
-383
-729
-690
-192
280
401
409
496
431
-35
-592
-757
-530
-262
-48
309
841
1101
792
187
-290
-547
-724
-719
-198
680
1290
1236
793
352
-90
-626
-917
-516
343
988
1160
1141
1032
574
-227
-741
-487
186
684
929
1159
1177
646
-149
-456
-114
338
570
780
1040
977
452
-47
-51
232
437
568
855
1076
864
333
2
30
163
276
527
834
845
463
30
-118
-50
75
279
557
632
373
2
-182
-161
-82
81
385
612
520
166
-157
-343
-488
-527
-282
187
520
510
280
-10
-388
-793
-908
-606
-117
190
289
334
282
-32
-494
-722
-682
-586
-523
-329
31
252
128
-188
-424
-563
-736
-829
-658
-312
-101
-129
-197
-167
-176
-348
-497
-470
-364
-358
-414
-348
-203
-196
-308
-330
-169
-47
-139
-305
-380
-424
-543
-589
-338
59
272
203
56
-61
-256
-542
-638
-419
-112
36
91
244
314
72
-348
-552
-468
-331
-255
-21
311
414
141
-174
-238
-184
-243
-252
9
318
299
66
-6
40
-128
-435
-450
-82
222
232
187
239
106
-375
-732
-594
-215
-26
68
340
585
360
-181
-497
-543
-642
-766
-497
154
603
525
267
67
-316
-912
-1230
-912
-292
89
294
560
671
262
-432
-847
-854
-741
-558
-89
533
795
476
-16
-321
-511
-652
-572
-199
146
161
-14
-81
-10
57
86
136
134
-34
-317
-472
-407
-167
172
513
730
706
408
-86
-563
-800
-637
-150
457
951
1166
982
420
-233
-572
-513
-212
198
680
1051
1066
746
415
214
-12
-230
-198
176
581
757
816
884
767
347
-46
-77
138
273
370
653
976
971
693
475
376
155
-90
13
451
802
833
753
684
443
26
-181
20
312
392
389
491
545
359
133
118
196
100
-21
64
265
281
135
66
130
115
6
-15
66
57
-135
-257
-155
13
128
166
167
78
-136
-311
-333
-201
-54
49
40
-47
-149
-224
-281
-334
-328
-240
-140
-149
-228
-291
-371
-500
-583
-417
-100
70
12
-160
-334
-556
-772
-722
-374
-7
129
43
-64
-234
-500
-704
-674
-456
-292
-188
-36
111
61
-200
-415
-453
-409
-337
-243
-98
-10
-77
-180
-168
-69
-32
-135
-269
-380
-466
-488
-346
-45
230
290
118
-101
-303
-468
-584
-534
-276
67
316
414
366
144
-256
-656
-787
-566
-163
179
379
414
238
-156
-514
-604
-424
-224
-98
26
130
114
-65
-241
-293
-273
-285
-290
-159
-28
-111
-379
-512
-393
-215
-142
-80
21
-37
-381
-687
-614
-285
-79
-30
103
254
86
-302
-479
-323
-227
-370
-339
89
417
269
-63
-123
-122
-386
-594
-271
294
429
173
83
227
127
-243
-329
22
249
114
73
363
509
171
-243
-237
8
107
183
477
710
498
-6
-250
-111
141
365
653
902
877
558
185
-53
-157
-54
298
733
1085
1249
1095
514
-267
-719
-570
-14
663
1389
1870
1646
668
-367
-849
-805
-478
253
1341
2105
1949
1114
251
-523
-1263
-1471
-629
852
1914
2148
1822
1046
-313
-1660
-2014
-1166
77
1099
1837
2168
1637
286
-1040
-1667
-1664
-1273
-346
982
1916
1847
1050
63
-948
-1858
-2066
-1234
41
921
1258
1313
963
33
-981
-1395
-1244
-981
-603
173
981
1086
496
-77
-411
-856
-1313
-1161
-434
88
42
-60
133
200
-161
-467
-388
-337
-704
-1019
-736
-164
42
45
277
526
243
-409
-845
-984
-1128
-1193
-675
291
998
1067
752
195
-702
-1635
-1914
-1289
-316
523
1193
1570
1257
233
-865
-1496
-1728
-1594
-821
506
1599
1798
1220
332
-738
-1795
-2187
-1493
-212
825
1357
1589
1303
266
-1017
-1645
-1458
-964
-403
429
1311
1482
734
-209
-759
-1029
-1184
-895
-46
684
689
267
62
3
-245
-531
-412
-37
2
-325
-432
-115
130
37
-47
96
93
-327
-754
-722
-469
-396
-336
87
571
481
-160
-695
-790
-729
-623
-206
484
787
338
-374
-725
-726
-655
-428
178
781
739
74
-492
-701
-814
-889
-535
392
1193
1226
656
20
-574
-1200
-1474
-909
295
1258
1471
1182
706
-38
-982
-1479
-1092
-244
412
787
1211
1511
1155
179
-654
-807
-608
-417
-33
821
1618
1589
872
293
173
-12
-481
-608
27
829
1023
829
998
1283
849
-203
-662
-111
472
407
389
987
1378
862
110
120
608
485
-141
-189
464
814
465
264
728
1032
492
-157
-35
418
307
-149
-76
537
843
581
402
519
360
-302
-801
-512
158
511
503
538
556
198
-395
-713
-532
-191
-19
116
388
582
428
-46
-476
-637
-628
-503
-195
288
607
438
-99
-556
-663
-596
-526
-375
-80
134
71
-108
-187
-210
-404
-658
-683
-419
-157
-49
3
50
-112
-492
-776
-735
-492
-313
-243
-150
-49
-53
-182
-341
-533
-723
-790
-565
-73
385
574
349
-130
-653
-996
-983
-579
47
578
696
409
-62
-488
-784
-883
-688
-242
213
448
463
306
-55
-573
-871
-636
-69
328
383
259
3
-411
-723
-532
47
430
309
-24
-217
-430
-682
-640
-149
321
323
74
33
101
-151
-564
-635
-334
-81
-18
139
380
250
-302
-727
-596
-257
-141
-183
-100
-43
-224
-421
-317
-25
22
-251
-456
-367
-165
-71
-14
26
-80
-355
-569
-428
-66
152
100
-57
-150
-184
-233
-263
-222
-167
-131
-69
169
510
607
293
-234
-583
-593
-359
5
462
815
778
382
8
-105
-131
-318
-519
-367
122
631
915
1009
891
383
-400
-863
-563
174
716
887
935
920
672
212
-45
63
182
61
94
594
1217
1260
690
147
4
0
51
421
1038
1269
731
4
-109
280
526
571
715
910
692
169
-20
241
350
-2
-191
275
943
1108
788
433
66
-483
-837
-437
516
1081
878
423
171
-9
-279
-368
-64
198
19
-275
-133
301
426
83
-300
-401
-383
-321
-100
234
249
-221
-678
-593
-91
251
205
-20
-263
-553
-741
-568
-116
176
31
-286
-390
-261
-167
-175
-249
-386
-601
-677
-365
164
444
164
-347
-665
-636
-430
-210
-46
-101
-406
-634
-466
-19
277
136
-211
-524
-721
-726
-434
55
346
227
-78
-168
-83
-84
-266
-500
-619
-574
-236
369
876
785
95
-664
-991
-828
-388
148
536
538
215
-87
-126
-41
-105
-328
-497
-499
-280
122
532
646
262
-358
-758
-702
-342
20
169
77
-149
-251
-75
188
218
-77
-465
-630
-497
-128
260
397
129
-350
-671
-576
-171
214
293
2
-455
-748
-678
-309
91
247
88
-202
-357
-288
-185
-280
-523
-631
-447
-33
381
580
333
-373
-1170
-1452
-967
-78
634
889
684
118
-569
-945
-809
-455
-245
-114
247
748
937
666
109
-519
-1058
-1175
-580
466
1207
1198
691
87
-420
-688
-547
-100
225
187
149
411
770
808
515
143
-181
-348
-164
393
880
880
528
313
330
375
391
459
467
193
-136
-23
549
1002
1024
817
596
314
49
119
511
691
432
244
552
1001
995
614
300
113
-157
-274
152
865
1099
727
358
325
265
-56
-199
137
476
406
310
665
1066
796
-6
-492
-391
-170
-28
320
814
845
247
-254
-184
-36
-376
-802
-606
16
359
296
300
340
-48
-736
-942
-419
152
223
122
184
125
-323
-704
-535
-205
-314
-610
-411
192
408
-39
-571
-757
-801
-736
-255
533
803
147
-730
-1015
-806
-662
-542
-170
250
216
-128
-184
0
-206
-895
-1347
-1046
-349
270
752
990
596
-474
-1353
-1255
-499
-12
-69
-177
-109
-38
-28
156
250
-243
-1114
-1410
-665
416
995
994
621
-94
-987
-1352
-705
269
569
179
-109
67
280
203
-29
-428
-1139
-1684
-1185
354
1656
1609
498
-679
-1377
-1555
-1024
126
1020
874
88
-253
84
303
-126
-830
-1337
-1543
-1187
117
1793
2403
1247
-659
-1799
-1755
-1054
-165
611
719
-14
-693
-368
535
712
-246
-1372
-1738
-1249
-154
1286
2221
1633
-352
-2077
-2177
-1014
156
629
530
175
-106
77
693
1030
409
-840
-1691
-1502
-445
876
1787
1593
152
-1489
-1915
-834
692
1525
1324
419
-495
-581
327
1142
635
-980
-2108
-1604
245
2394
3649
3075
672
-1896
-2608
-1180
808
1820
1567
544
-654
-1171
-279
1475
2461
1880
703
261
831
1703
1964
709
-2059
-4688
-4929
-2444
711
2409
2313
1295
211
101
1851
4675
6113
4763
1896
-487
-1716
-1983
-1265
120
790
52
-844
-521
205
-637
-3400
-6100
-6447
-3627
1503
6552
8499
6187
-29
-7503
-11559
-9748
-2987
3747
5900
9573
16910
17754
17441
20407
23279
26479
21007
11231
-3569
-100977
-258769
-274673
-36641
267167
334799
177167
4719
-63585
-61921
-50833
-40385
-27105
-17713
-14273
-11249
-6017
-858
1712
4797
9484
11605
8440
1759
-4681
-7489
-5576
-433
5079
8261
7992
4766
408
-2553
-2914
-2006
-1710
-1980
-1501
-139
939
987
180
-1307
-3236
-4397
-3461
-880
1314
1713
730
-512
-1123
-397
1738
3847
3999
1800
-1010
-2571
-2442
-1339
-199
132
-543
-1333
-1024
330
1413
1264
231
-738
-1074
-483
1014
2394
2148
12
-2470
-3547
-2765
-901
956
1803
1159
-366
-1274
-788
330
804
308
-521
-979
-665
414
1465
1339
-210
-1975
-2510
-1531
203
1772
2396
1587
-280
-1825
-1957
-1076
-430
-530
-894
-962
-558
376
1526
1917
749
-1288
-2452
-1901
-416
853
1427
1224
209
-1043
-1402
-575
270
80
-707
-968
-410
428
1099
1335
668
-1002
-2511
-2417
-709
1075
1775
1508
861
64
-615
-639
-74
148
-393
-873
-361
843
1632
1542
862
-169
-1313
-1740
-739
1067
2136
1774
749
38
-248
-312
-94
334
418
20
-77
675
1577
1565
661
-239
-643
-660
-220
796
1809
1855
892
-32
-164
155
329
395
542
549
358
481
1150
1596
1011
-210
-898
-670
-50
567
1204
1612
1289
373
-218
-89
140
-39
-225
93
583
740
689
774
692
-4
-848
-885
-82
667
806
630
419
-34
-610
-675
-88
403
233
-130
-25
264
91
-441
-658
-508
-442
-479
-129
450
519
-109
-726
-776
-589
-560
-397
133
532
257
-291
-394
-196
-369
-899
-1058
-592
-75
92
155
256
14
-691
-1163
-892
-308
-136
-277
-165
172
193
-147
-380
-344
-440
-745
-725
-161
402
426
91
-182
-396
-688
-812
-468
7
60
-222
-282
-3
185
19
-274
-456
-566
-587
-283
241
530
292
-101
-244
-185
-143
-133
-73
-141
-405
-561
-275
236
514
361
23
-343
-664
-710
-394
-7
104
-19
41
333
494
273
-178
-651
-1070
-1157
-655
295
1009
988
405
-299
-844
-1133
-990
-467
52
241
266
402
518
285
-316
-886
-1108
-922
-338
467
1043
938
177
-686
-1083
-946
-485
16
316
270
-15
-250
-239
-105
-111
-310
-507
-450
-98
307
501
298
-153
-515
-554
-213
272
536
344
-147
-515
-479
-75
386
634
538
165
-233
-319
-50
300
374
184
18
71
370
736
912
642
31
-466
-438
41
590
890
919
722
406
216
269
393
250
-58
-140
191
735
1198
1380
1137
415
-423
-725
-241
579
1114
1165
950
609
289
178
296
382
170
-79
55
553
944
964
700
352
-37
-277
-127
348
695
577
190
-26
46
246
433
503
300
-190
-619
-522
39
514
547
247
-33
-151
-194
-150
-6
34
-207
-468
-371
53
347
227
-112
-390
-579
-676
-485
9
335
83
-473
-695
-417
-84
22
-2
-33
-270
-630
-691
-294
63
-33
-322
-279
29
88
-146
-375
-471
-697
-929
-643
200
811
641
23
-428
-671
-866
-825
-293
314
384
-14
-203
-21
7
-343
-648
-542
-283
-192
-95
181
273
-154
-737
-768
-244
235
337
244
111
-229
-705
-849
-377
220
403
214
91
128
-3
-366
-651
-645
-498
-340
-21
499
861
577
-183
-835
-1003
-827
-506
-95
355
555
347
-4
-190
-257
-458
-782
-898
-620
-166
200
381
362
74
-414
-832
-857
-521
-168
-7
-21
-35
-44
-88
-172
-217
-258
-365
-478
-380
-68
181
85
-238
-439
-417
-331
-246
-90
85
20
-276
-433
-201
71
1
-245
-263
-120
-82
-86
139
416
230
-350
-664
-432
-67
76
208
503
602
233
-178
-181
-9
-83
-211
114
695
919
653
325
156
-54
-251
-38
584
989
794
313
-18
-119
-66
247
790
1175
1003
444
-43
-191
-115
144
579
1036
1268
1126
772
338
-90
-357
-263
231
894
1354
1386
999
403
-133
-385
-242
254
823
1124
1037
713
415
196
62
42
172
322
385
436
588
672
435
-8
-273
-222
-69
35
221
476
514
239
-79
-160
-153
-238
-338
-200
108
286
296
262
174
-155
-648
-928
-696
-150
256
356
287
106
-240
-690
-925
-748
-357
-106
-24
148
335
176
-381
-849
-852
-643
-544
-373
145
593
349
-392
-798
-638
-512
-681
-607
-41
346
34
-374
-181
172
-117
-756
-779
-229
-31
-359
-389
166
442
-31
-508
-286
50
-322
-924
-842
-187
112
-19
123
591
545
-304
-1028
-932
-491
-380
-378
84
755
835
310
-142
-269
-522
-1040
-1223
-628
274
759
798
773
621
-15
-928
-1403
-1108
-526
-99
319
922
1291
894
-83
-915
-1270
-1350
-1192
-515
593
1339
1160
359
-381
-886
-1291
-1348
-750
210
775
691
376
111
-305
-886
-1107
-632
72
413
385
306
101
-479
-1054
-970
-263
340
455
375
271
-83
-730
-1030
-630
17
253
203
300
403
101
-434
-594
-328
-192
-306
-210
169
322
12
-191
93
398
220
-131
-176
-152
-425
-592
-44
937
1429
1178
704
217
-531
-1314
-1297
-301
820
1402
1639
1741
1258
-12
-1249
-1594
-1127
-363
602
1837
2667
2324
1011
-306
-1146
-1557
-1358
-260
1287
2267
2300
1815
1093
26
-1092
-1514
-993
-51
850
1728
2348
2125
1029
-162
-787
-963
-820
-186
870
1596
1512
1071
767
394
-266
-733
-533
-50
116
158
547
951
738
161
-65
93
-7
-411
-508
-194
-69
-191
34
704
1050
616
-38
-413
-734
-1189
-1246
-547
377
821
877
870
576
-271
-1233
-1619
-1408
-951
-258
783
1630
1552
596
-517
-1382
-1971
-2025
-1221
104
1105
1399
1205
619
-460
-1672
-2228
-1799
-913
27
994
1723
1555
364
-999
-1754
-1856
-1522
-635
642
1533
1424
586
-280
-975
-1537
-1671
-1043
21
790
1004
874
450
-354
-1205
-1502
-1056
-306
357
785
885
507
-207
-809
-972
-791
-402
21
329
413
264
1
-303
-592
-645
-426
-112
94
239
330
175
-263
-614
-506
-174
-14
-8
90
174
-115
-541
-588
-268
-124
-274
-267
11
109
-210
-478
-376
-282
-467
-539
-153
286
227
-142
-317
-301
-466
-695
-540
-75
138
-36
-151
-34
-43
-365
-629
-536
-303
-210
-121
129
322
125
-277
-469
-369
-225
-160
-28
148
127
-120
-309
-227
-39
41
20
20
32
-67
-212
-249
-107
82
210
356
525
529
251
-138
-359
-295
-39
305
683
950
873
472
14
-254
-242
-82
201
554
849
905
755
513
309
129
-9
23
287
651
864
839
682
534
392
267
253
385
500
459
345
376
540
677
693
686
668
492
209
77
232
471
587
658
789
831
618
268
37
-41
-83
-36
259
640
754
489
142
-77
-224
-299
-193
122
380
330
121
-29
-98
-163
-195
-122
-3
35
-23
-98
-159
-245
-325
-327
-251
-112
31
63
-85
-310
-446
-430
-363
-276
-98
30
-36
-256
-386
-321
-264
-345
-388
-320
-290
-399
-461
-302
-130
-166
-301
-290
-226
-323
-511
-503
-325
-235
-201
-31
205
152
-218
-527
-566
-527
-486
-254
162
378
181
-119
-273
-372
-547
-609
-354
-3
153
174
257
287
2
-433
-619
-501
-346
-202
72
395
479
236
-66
-275
-462
-677
-675
-369
92
442
637
647
351
-209
-754
-959
-754
-290
266
688
800
546
44
-469
-797
-816
-572
-226
85
285
334
168
-137
-394
-445
-371
-319
-275
-189
-159
-283
-391
-203
156
296
120
-122
-360
-697
-1027
-918
-312
303
491
450
378
84
-538
-1064
-1024
-591
-257
22
490
887
704
13
-540
-710
-784
-844
-499
209
684
586
284
165
-14
-460
-795
-591
-116
144
243
508
756
531
-40
-353
-233
-85
-70
147
577
735
432
109
123
202
59
-53
198
575
661
512
471
500
298
-48
-79
279
632
728
738
803
687
265
-111
-76
192
363
444
670
942
917
562
260
148
85
18
143
561
924
907
664
494
423
265
100
145
366
444
297
180
272
393
340
236
261
314
191
-32
-110
-34
-35
-91
-8
283
504
425
171
-30
-212
-456
-606
-448
-36
248
304
280
282
118
-278
-634
-690
-540
-362
-129
244
575
519
99
-358
-635
-779
-775
-493
-30
288
259
48
-169
-412
-700
-824
-620
-270
-37
11
16
-95
-358
-619
-603
-343
-83
37
77
4
-286
-640
-694
-404
-75
49
89
130
-54
-474
-748
-581
-213
-10
74
237
301
-31
-544
-718
-465
-155
24
252
518
404
-234
-855
-916
-601
-280
53
511
809
473
-289
-861
-938
-785
-578
-121
571
1014
802
170
-382
-723
-1001
-1077
-655
145
752
781
451
76
-320
-811
-1153
-1003
-437
55
248
314
421
341
-122
-678
-877
-708
-547
-455
-175
300
498
186
-239
-348
-345
-585
-848
-662
-183
75
13
96
373
341
-168
-591
-533
-326
-381
-405
-8
490
528
222
88
131
-107
-589
-765
-431
-24
152
301
603
737
400
-116
-369
-340
-341
-337
-88
409
792
861
740
560
245
-210
-589
-608
-275
252
725
1081
1239
1134
656
-14
-522
-639
-399
42
670
1377
1806
1566
806
1
-518
-738
-624
-4
950
1626
1626
1168
611
15
-566
-757
-295
521
1116
1306
1262
988
398
-265
-511
-189
376
803
1036
1061
744
162
-337
-438
-162
233
587
824
823
498
-25
-470
-651
-502
-133
307
671
792
598
113
-455
-835
-846
-574
-190
237
569
622
300
-191
-543
-711
-808
-754
-405
91
399
418
311
153
-183
-676
-953
-809
-476
-214
39
383
541
248
-296
-664
-826
-964
-999
-608
58
498
476
233
-25
-451
-995
-1238
-919
-347
71
304
506
492
47
-588
-937
-915
-766
-542
-84
456
663
356
-111
-440
-667
-824
-714
-229
303
516
405
191
-69
-409
-670
-614
-283
68
271
332
236
-44
-417
-630
-577
-323
14
309
417
244
-84
-355
-505
-506
-307
47
343
382
212
-4
-201
-435
-587
-465
-149
89
136
132
118
-52
-353
-502
-380
-194
-132
-122
-27
25
-93
-228
-197
-77
-122
-282
-364
-319
-311
-384
-321
-111
58
36
-67
-124
-213
-417
-602
-562
-307
-37
171
328
405
271
-91
-477
-670
-644
-523
-280
118
564
775
597
188
-254
-687
-1032
-1028
-500
315
965
1206
1107
694
-48
-914
-1367
-1113
-404
366
1053
1571
1615
941
-132
-955
-1230
-1067
-520
424
1438
1911
1647
952
213
-464
-964
-938
-308
554
1184
1502
1570
1287
600
-189
-633
-644
-397
41
680
1271
1503
1300
890
438
-55
-477
-531
-196
307
788
1234
1535
1421
858
165
-343
-602
-623
-269
419
1105
1388
1258
890
363
-312
-835
-843
-377
232
720
1066
1153
793
39
-611
-800
-602
-301
69
493
714
457
-69
-426
-464
-411
-346
-120
194
280
-5
-330
-403
-315
-261
-155
111
309
168
-243
-561
-629
-548
-412
-154
176
291
46
-337
-617
-722
-723
-608
-332
17
193
109
-98
-326
-570
-786
-820
-619
-246
94
237
184
-25
-388
-770
-981
-872
-533
-115
235
407
359
19
-455
-840
-930
-752
-356
139
555
641
337
-147
-572
-812
-823
-550
-66
338
410
222
-16
-264
-509
-604
-405
-80
80
46
5
-35
-209
-380
-313
-23
201
160
19
-107
-360
-683
-732
-362
132
404
473
436
144
-434
-967
-1036
-720
-305
154
657
957
707
20
-632
-1032
-1214
-1113
-537
311
871
894
555
77
-564
-1225
-1438
-1036
-345
223
635
915
810
198
-571
-1012
-1049
-849
-442
202
796
932
562
70
-359
-699
-881
-689
-147
354
566
547
409
160
-221
-474
-425
-128
178
378
479
436
220
-63
-209
-135
92
322
451
462
319
100
-75
-126
10
306
583
735
715
591
377
91
-98
-32
284
636
865
967
923
663
244
-66
-86
121
363
610
862
976
830
529
299
176
80
50
224
543
803
881
839
743
520
180
-86
-109
40
241
455
687
826
725
415
62
-210
-382
-332
-37
390
695
740
578
231
-206
-548
-595
-341
4
282
445
397
114
-302
-594
-620
-468
-239
58
304
265
-75
-467
-650
-614
-455
-147
237
451
228
-256
-654
-819
-811
-616
-170
326
499
225
-215
-590
-865
-1009
-849
-330
233
454
350
88
-265
-703
-1015
-919
-478
-34
194
253
184
-75
-481
-750
-703
-485
-268
-90
99
177
36
-195
-342
-359
-348
-280
-96
111
178
73
-56
-140
-219
-294
-243
-83
51
53
23
13
-56
-210
-308
-252
-111
-11
67
164
195
41
-207
-352
-303
-202
-92
79
242
237
2
-268
-425
-463
-441
-304
-27
227
275
116
-84
-295
-503
-618
-499
-198
93
245
260
132
-127
-426
-618
-635
-534
-351
-93
123
170
66
-83
-267
-528
-742
-702
-436
-174
-12
172
331
231
-139
-476
-537
-516
-549
-470
-76
341
388
183
68
23
-240
-622
-667
-295
39
108
198
480
625
337
-91
-221
-179
-282
-426
-171
366
694
625
487
444
239
-237
-550
-369
62
354
502
775
1013
857
350
-45
-75
-5
6
188
663
1056
1038
726
507
416
198
-55
-27
327
648
723
747
884
896
582
188
65
197
295
364
596
933
1003
719
375
233
184
62
50
319
672
747
564
382
299
152
-55
-75
189
464
492
367
284
222
74
-78
-53
131
245
165
30
-34
-40
-104
-159
-91
36
54
-62
-182
-222
-212
-261
-274
-168
-21
11
-70
-165
-189
-254
-357
-405
-325
-229
-232
-259
-199
-117
-141
-250
-353
-419
-523
-597
-510
-256
-29
60
50
-76
-333
-639
-805
-720
-471
-191
65
213
125
-194
-579
-806
-813
-662
-341
57
307
220
-73
-396
-619
-687
-541
-159
201
321
181
-89
-373
-592
-621
-368
25
295
345
211
-69
-450
-724
-695
-388
-10
321
529
506
164
-309
-612
-667
-562
-334
39
393
467
265
25
-158
-405
-664
-686
-446
-189
-51
116
361
411
128
-237
-416
-524
-712
-744
-376
149
439
462
422
268
-210
-868
-1175
-982
-581
-186
292
765
835
327
-355
-801
-1004
-1066
-837
-207
511
841
678
340
-55
-552
-994
-1030
-598
-32
338
501
551
386
-26
-444
-568
-413
-208
-53
155
385
434
269
98
67
60
-51
-108
3
184
228
192
240
327
264
84
1
92
198
244
344
521
577
383
109
14
99
246
443
728
960
867
497
108
-94
-135
0
354
824
1143
1097
798
437
112
-126
-148
119
527
870
1007
962
774
479
212
57
48
153
302
428
493
517
525
493
411
281
177
100
2
-55
5
136
265
356
450
517
423
173
-105
-290
-422
-467
-321
48
419
565
509
310
-44
-529
-895
-927
-616
-215
215
596
746
497
-78
-626
-958
-1046
-876
-402
211
603
593
290
-128
-606
-996
-1083
-765
-277
125
353
412
228
-200
-650
-847
-746
-499
-189
153
373
287
-68
-447
-656
-717
-635
-363
22
281
253
32
-247
-511
-716
-738
-457
-32
295
444
384
132
-283
-680
-817
-669
-307
113
486
626
438
23
-443
-779
-905
-749
-287
259
632
704
515
94
-435
-865
-953
-672
-206
263
627
751
503
-39
-566
-882
-957
-798
-381
178
565
597
323
-86
-532
-919
-1038
-758
-241
227
474
493
269
-166
-663
-929
-853
-549
-178
134
333
286
-34
-444
-702
-720
-557
-302
-13
183
169
-56
-329
-467
-426
-301
-144
24
100
-2
-243
-422
-393
-248
-111
49
205
223
-9
-304
-434
-360
-204
3
284
526
516
218
-90
-228
-252
-202
3
347
591
554
318
156
53
-66
-107
66
326
472
424
381
357
306
224
232
377
494
489
405
341
277
236
278
449
640
727
686
522
310
129
66
164
406
688
916
981
821
514
220
43
1
176
530
921
1086
949
648
293
-35
-209
-72
316
708
891
850
637
269
-125
-317
-157
201
526
727
776
576
134
-303
-464
-312
5
349
639
687
412
-82
-510
-660
-547
-233
192
547
613
336
-100
-501
-715
-670
-372
54
384
462
270
-98
-542
-821
-788
-484
-122
161
283
163
-214
-662
-874
-767
-478
-160
155
337
198
-236
-670
-852
-814
-609
-229
211
459
298
-141
-597
-916
-1069
-909
-412
188
544
522
211
-272
-816
-1192
-1144
-659
-15
508
794
715
233
-501
-1116
-1322
-1084
-534
186
809
1014
684
-2
-716
-1214
-1339
-978
-236
528
963
968
588
-57
-745
-1162
-1097
-652
-74
460
806
782
360
-216
-662
-852
-817
-582
-163
219
373
291
146
-27
-246
-457
-491
-393
-311
-267
-149
45
129
91
23
-29
-178
-430
-603
-572
-441
-290
-70
220
373
252
-24
-272
-494
-688
-696
-416
-28
237
374
417
258
-125
-538
-734
-693
-526
-237
192
536
546
279
-34
-334
-621
-721
-437
44
409
540
584
497
102
-393
-567
-380
-120
85
414
759
743
316
-100
-230
-255
-312
-125
416
897
878
586
401
227
-165
-476
-256
337
759
864
940
974
603
-108
-552
-420
-32
294
721
1250
1471
1047
310
-180
-374
-422
-227
414
1186
1577
1391
938
412
-156
-619
-631
-119
593
1099
1297
1213
813
198
-368
-597
-421
-5
457
817
958
811
430
9
-281
-345
-206
30
239
353
336
197
-8
-142
-125
-12
41
32
3
-70
-163
-260
-223
-35
162
227
174
69
-106
-335
-524
-512
-320
-89
67
151
160
19
-267
-530
-611
-529
-397
-239
-45
135
131
-71
-295
-394
-427
-460
-419
-234
-30
7
-114
-210
-245
-298
-412
-387
-223
-88
-119
-206
-218
-202
-265
-315
-212
-41
12
-77
-138
-144
-243
-363
-381
-216
-34
12
18
35
-40
-269
-462
-458
-325
-188
-43
125
224
101
-155
-344
-409
-424
-343
-94
197
305
169
-30
-224
-446
-603
-503
-178
144
251
211
80
-193
-550
-726
-586
-278
-8
184
277
192
-124
-493
-682
-649
-517
-313
-52
136
132
-64
-267
-410
-523
-590
-515
-337
-191
-111
-30
51
30
-110
-269
-378
-484
-542
-451
-210
43
157
181
99
-107
-370
-550
-520
-385
-212
-23
181
259
177
66
4
-76
-188
-261
-230
-151
-63
88
352
568
577
378
102
-234
-541
-623
-324
237
764
1101
1152
857
224
-462
-787
-623
-123
533
1191
1578
1417
769
0
-537
-736
-537
56
825
1379
1448
1098
551
-22
-457
-495
-69
535
995
1198
1149
863
395
-12
-106
87
376
619
798
834
653
364
168
156
249
376
503
564
487
277
99
68
152
291
444
554
505
262
-13
-189
-232
-163
41
333
501
434
179
-88
-325
-482
-454
-179
201
430
407
229
5
-291
-561
-568
-274
72
230
234
171
-24
-368
-649
-622
-350
-118
-17
61
89
-105
-470
-701
-601
-368
-221
-78
99
159
-90
-456
-610
-528
-464
-421
-233
53
129
-59
-271
-337
-402
-556
-607
-405
-110
6
-5
50
82
-102
-405
-534
-445
-337
-296
-145
112
215
55
-199
-319
-375
-480
-495
-303
-36
81
9
-39
-60
-127
-275
-303
-189
-102
-132
-182
-155
-64
-35
-24
13
42
-36
-244
-403
-430
-339
-203
-29
156
252
164
-75
-351
-508
-516
-405
-205
59
235
226
23
-234
-401
-466
-467
-377
-196
-18
-6
-108
-189
-202
-225
-292
-298
-198
-132
-180
-233
-167
-49
-52
-107
-72
-38
-132
-292
-316
-170
-68
-72
-35
60
43
-150
-301
-216
-58
-4
13
120
185
42
-183
-228
-100
11
79
195
344
310
68
-163
-217
-171
-98
79
371
587
530
304
95
-71
-178
-156
83
449
695
747
657
470
211
-35
-114
18
261
492
669
738
635
411
194
82
69
159
317
499
613
609
561
489
403
313
283
320
355
370
414
490
514
489
450
441
388
274
193
216
291
336
366
455
524
439
251
137
129
113
88
146
286
338
225
79
38
35
-36
-82
-5
105
83
-49
-96
-51
-25
-66
-35
90
123
-10
-185
-229
-213
-211
-178
-14
171
171
-19
-217
-330
-429
-491
-389
-126
97
126
46
-70
-233
-454
-615
-542
-325
-128
-12
84
96
-56
-336
-537
-566
-505
-419
-251
-17
117
67
-121
-279
-395
-502
-536
-404
-139
63
123
90
8
-169
-406
-549
-487
-290
-109
14
94
87
-83
-333
-479
-458
-355
-242
-98
75
108
-43
-238
-305
-288
-272
-216
-74
50
-17
-185
-283
-266
-237
-216
-114
32
36
-174
-369
-418
-383
-342
-204
73
255
162
-104
-323
-482
-626
-627
-357
51
286
247
98
-147
-502
-856
-915
-606
-174
135
330
403
202
-272
-722
-867
-730
-449
-83
354
609
473
37
-395
-652
-766
-669
-318
203
545
537
302
-8
-341
-624
-675
-395
65
427
572
531
338
-2
-363
-522
-379
-42
287
511
618
547
248
-118
-333
-278
-55
199
436
648
704
491
175
9
31
131
251
451
672
682
461
234
194
247
285
377
575
677
528
259
133
178
263
388
627
864
859
581
274
97
15
29
279
706
1030
1040
806
494
133
-196
-282
-21
445
829
1001
979
722
291
-142
-332
-234
49
406
707
827
671
322
-32
-262
-329
-215
56
294
378
278
96
-93
-257
-307
-170
31
140
94
2
-98
-250
-366
-293
-71
111
114
55
-15
-188
-426
-561
-464
-259
-128
-52
8
17
-141
-375
-487
-466
-430
-413
-317
-170
-62
-103
-176
-220
-257
-384
-500
-493
-402
-332
-306
-243
-157
-128
-200
-281
-319
-340
-392
-457
-438
-314
-190
-104
10
115
98
-81
-332
-507
-564
-539
-391
-100
220
376
269
12
-269
-527
-708
-675
-377
4
258
335
295
158
-114
-410
-551
-482
-346
-223
-59
155
263
215
65
-60
-221
-452
-603
-540
-277
-24
202
404
459
243
-163
-510
-669
-647
-482
-115
295
519
402
91
-229
-523
-723
-698
-398
-35
162
175
124
-10
-261
-466
-458
-288
-160
-120
-91
-29
-73
-206
-240
-116
-7
-51
-147
-195
-241
-337
-376
-193
73
216
220
153
33
-173
-410
-450
-246
15
211
351
424
319
39
-264
-375
-314
-166
48
314
497
475
274
28
-130
-178
-119
67
331
548
616
530
364
194
60
19
116
328
543
657
644
526
351
183
65
117
291
485
624
683
668
547
358
205
190
272
378
518
665
744
670
495
330
247
197
203
318
494
623
623
542
442
303
162
119
188
318
431
502
520
439
247
39
-68
-49
33
166
330
400
313
109
-88
-239
-312
-255
-69
155
274
261
162
2
-214
-385
-390
-262
-89
46
155
190
83
-126
-318
-380
-398
-389
-294
-126
-2
-14
-66
-96
-171
-322
-455
-452
-372
-330
-283
-148
-15
-29
-164
-265
-331
-444
-568
-563
-400
-234
-148
-78
-1
-12
-192
-406
-512
-508
-479
-395
-186
61
190
150
5
-182
-402
-605
-640
-478
-184
84