1131834
17246.402713500305
12327.757046846837
16747.18637140139
12769.863630345144
17316.31135785264
13313.430945541993
17497.550667777272
15021.189795308012
18378.303983330978
14180.181734744974
20401.80247325347
17593.728377333024
20370.824833636558
16059.969966473864
20039.966432545876
14062.459787629306
30740.846567749475
25654.82007650223
31732.621717904633
28417.89051504878
28060.55771744438
28005.77795498031
36187.73786427207
29942.98178110892
37629.4507337367
48042.53105873903
49828.41486186894
53077.020723385875
58930.803955354546
69879.82527393893
99391.73254941947
151840.5775867102
286142.77151536796
955807.4727761435
572884.8022283742
204271.49416218078
118341.01609330521
102307.31581460091
69443.77796506419
80722.50063147044
48337.863780129606
45228.063483518716
23492.973757127867
41025.023012483114
35622.1722144001
35457.38507499584
28068.7771990379
31232.334746107128
26792.369433572596
26786.45188324792
29280.282085547213
10662.128856970869
75879.77514116565
50418.983548316326
38604.51791780046
29631.02308893641
25668.29805296496
34205.953608383476
30479.700110289108
43251.42405174916
33482.80158960079
34501.813717874844
37601.97875879707
42607.26307527021
48228.79313052514
87317.92090400173
130884.78149124255
220924.4308543355
566906.8307064094
119346.07086654454
69496.60070056627
56995.7088764856
59057.71885237954
45065.41810537931
28706.64048657223
19663.240732173184
25255.118684967092
9990.902671473717
17143.13307879796
2679.6659671372954
9167.845914850399
6375.116082208875
9577.77219081216
16854.17452922315
15742.737734673845
8491.220810474046
13216.811313002292
6728.151303472518
4714.9923787922935
1686.344449279959
2636.3241985088
1538.8768135837688
4707.669877182624
2847.2832835957106
2800.467207078925
7288.8797699401375
8486.220940530015
4702.4425872650045
2773.1250822473626
1454.0459724928771
3943.6184052121075
4503.909819500607
33766.07007944865
10455.37386654791
4423.521461937931
671.5903823178548
2382.4677121081236
1627.6997338530218
648.2999460097391
1591.4243585755976
3602.5436867939775
9791.91403461848
1730.7276389853043
5044.344837862559
1672.1159415150146
3280.1213229147534
2579.005327628817
4557.370917025421
713.4871088715624
6365.026917361768
2434.8888384485167
9656.618399552799
3277.1599189091444
1518.2952178671428
4920.673715676147
5625.489295481725
431.6263717946224
5681.831859492231
2602.18304813148
5642.34570274947
2887.2510460695275
5941.10165044018
1613.2381907475249
12586.599095464064
6873.882683097755
23984.100151655766
32273.02992502785
30592.63300196989
20433.784694547514
17220.999464741133
14560.306121940705
6077.1511594989015
7143.197150916965
1287.8335770372905
2519.581141950586
3729.634071499399
1377.092370362414
2603.5262971822126
1502.9028719444489
855.5001575698308
240.88786856323767
85.97115687806095
2785.789720447377
2023.6575496451712
1499.0103179001583
4453.429727010364
2332.877900608734
996.4089760798635
1253.5555840246104
965.3092952301191
1712.069845356459
1779.2469236671127
2816.785559777518
1214.9192318484465
2418.4606311022817
4535.509516303884
2474.4558794580394
5527.474367796174
6619.79626948789
7400.541189951434
4964.441759995081
7223.76143136649
2304.160897484643
2235.165985773673
2165.2193538647266
1925.6033127447065
1358.6939977412044
2439.0203990876876
1861.9613527922274
2910.7609188269685
3655.7611862258555
2476.70168115544
2365.50586653923
3154.2680446422696
2611.437256215246
4864.211462894363
2337.702168808313
2738.2552008908674
102.42510999850612
741.5284210185486
3495.721075571871
1952.670448204849
3397.4673600897463
3884.9865303757983
6041.702488229466
3767.15570374926
4749.636539331283
3323.814439943246
5254.900562637719
5153.257540240314
13217.334275653531
13833.86978033576
36877.60937107118
52034.269840543566
14216.770684298948
9777.962901477156
4980.700876671692
5612.939200148369
9215.930698060156
2619.7771704426723
1799.443072310324
2701.281960644633
2611.417593671372
2582.943773566528
1165.191867377989
1374.8662364281324
326.3352528595645
1779.1099848891208
2157.3196376364713
489.02699758912576
2682.8956591787
3848.357312104011
4069.3683167826835
1370.9276025351253
3153.1802890118006
2110.268249957432
1451.0422880083638
2404.254904045994
2634.1374975059957
804.2103288493072
2083.716048611849
2579.8498727565725
4141.611566529127
2285.60689722398
3598.2587632377363
1762.4951026037663
2816.809156083969
9667.643136757366
11750.726123124072
4820.463713254862
6125.434982175435
5064.175907711073
3652.165920771988
5510.145158077936
2316.3836382117947
8245.768387138993
7609.441144175119
7643.457970198841
8102.741240203343
8310.766746944455
9172.904471062759
10596.388852759485
12186.035312279415
11847.28058608222
15304.875949137922
15963.963050189604
17107.871875284658
18498.74442920899
20743.82921397279
23126.523324483842
26629.956978557417
30839.523939862964
32292.54592299642
35549.501527521614
39968.26040467874
41696.315764798856
44608.86138091794
44809.12325911418
49188.06142859397
51944.34203876512
57917.33688297957
57482.5044285057
59514.65426062652
66715.4349776243
72691.8663409834
72014.13056081958
76047.97348744448
77867.44265147437
80818.83992497875
81250.84110208438
88633.17068423113
89076.27829987498
91440.62707033432
94680.54630857306
98307.06225720001
99655.06457473776
103392.28649848615
106117.88908339039
108894.0205476003
109555.70259448598
114875.15645035131
119357.23298515244
120875.43019807924
122421.25520019984
127546.7697064031
131555.63882731047
134762.57946651417
137592.651431203
142480.2425849011
150273.6825633897
151610.40860616957
157661.8399233791
160101.46538010405
168089.37140544812
174578.44766269758
174788.00070938602
176398.00318841907
185216.73239103451
187887.23116870856
193313.02868956947
193723.39249728614
198115.56686307222
203082.29872230254
204829.3109943741
206325.13116954418
208478.08671738824
211717.61826913047
212152.26301770622
214466.92069071936
215616.2025797711
222839.42672298232
226028.29488933997
232847.10982407772
234324.52098385032
243187.67538370658
248410.5921523214
253298.71755258818
256583.41137424944
259149.28081591678
262961.20129052683
269321.02039432817
273352.5101685402
281180.83684191224
284330.97271487163
293193.86825581605
293235.5000811742
300724.5520674289
302597.4278346088
309398.19669652014
311593.57504016865
319077.9383851475
318991.24136265187
330066.24211731076
328950.40381954866
345186.6263210889
248628.2826403529
314264.0084236651
354463.73500464397
345013.4454103362
356098.26493479486
353136.4646216659
359041.31051999284
360627.85979554435
368431.37881492364
368491.4169717082
375590.78297091345
374172.85691605596
383586.9945663989
385770.68640009424
390827.81760876905
392832.128584561
397938.05849516776
401525.83554608433
405725.3925772198
407331.2984306267
411975.56673200696
415063.1894103206
419818.27091003704
422425.99017224344
424097.50384197646
426398.6105009205
429073.31614074437
425537.99192875536
428888.14454975707
430429.54050198157
433259.6337449326
433313.85698202194
435194.13008754916
435454.9611012034
439924.38826754165
441341.41014131356
439137.6355113278
440847.013359324
442118.5713183085
443477.22426724515
446796.8293499227
447802.1316665608
450290.51969271875
451465.09952298645
453125.97276714264
454756.743509213
455257.94056958327
457567.95985455357
459917.28210093465
460601.6617173788
462573.6966228349
463270.45918134175
464637.14517331537
466769.4396464287
468103.7565211783
470465.2325147641
473031.7768895169
474703.61469776434
478604.7199157838
479848.41011777404
481283.8531639234
485090.3519051198
486086.3787706783
487402.9239573114
488413.94189858716
489210.8964998461
491089.0595900589
490922.4750472827
491460.74472370755
492151.2674247066
493850.5575077758
495827.3498548479
496828.7206317139
497767.9206160217
500177.10744627565
500718.374294064
501902.687694484
501776.32673247065
504968.5881785444
504562.96465047484
507057.22245654353
508569.053340706
510014.1937072119
512912.99637361546
516007.5362475405
518464.0308871946
520027.3742681195
521138.15549907106
524561.2712855686
526271.1800761874
529198.8933155423
532710.6566032221
536579.193578543
538360.1418641539
543222.563219493
543684.4936900865
547138.460559401
551036.641759616
554126.2290553045
555781.645750434
558972.3012208763
561879.2801977798
564935.6876918491
568985.3524830661
572906.2007157201
575791.7628273831
579057.2179104643
583403.4216582815
586376.4845449841
589860.8301135883
594451.0388215568
598628.7296741836
603021.1148161851
607978.5100482809
613990.6983843051
619383.7582833443
624491.6193618422
628814.4651999288
635198.6014972987
639555.184824593
644825.9226854863
649998.4690200309
655917.0729275037
660911.9302744248
664839.2522590205
669940.1410664468
674499.910926698
679403.3971221253
684989.6561657726
690275.5780875231
695543.9917704968
700016.0707450575
705622.6923718544
710473.5063411744
716057.7064943184
721553.6216062303
727228.8222895215
731729.6098753556
737536.5011809756
742109.1899803083
747243.8631985749
753452.1905737973
757866.8913293144
763174.4416607108
768264.2835391738
773878.2692072926
779464.6544175473
784278.1217618122
790331.4815873484
796071.4225423943
801098.9033258307
806760.8590420829
811442.9952033111
817851.2876235686
822070.437465107
827479.0945502801
834334.4747669831
838955.9566862426
843328.6346367514
849104.9198876162
854508.8987366039
859082.9056040532
863769.2126213479
868210.9624103354
874400.3702888486
879182.964612265
884986.1099200436
889101.0496202783
893765.6800153482
896746.7565330128
901388.0534849445
904831.8651887142
909358.8965505213
911856.3396678943
916453.0531205083
919507.9156513328
922591.6166394112
925250.6720412613
928846.5169776318
931151.9972483828
932709.144604127
935916.0924914251
938061.0459250936
940222.1678855564
943257.082545934
945131.9226407526
946980.7581528636
948078.0732687298
950407.452189835
951231.1154964293
952676.8411595131
953645.880519099
954151.0486900916
955756.0627392442
955129.7121462917
956630.9331480893
956843.1024276912
955944.1895295517
954231.2648315546
953638.4211515683
953243.5096368094
951338.3373532022
949658.4319323711
949634.3422923274
950547.465803644
950560.4421039379
951055.4984049015
950474.9341382092
951491.7490329322
952123.6470206146
952464.0003647419
951711.1204218117
953018.5918612407
953480.2597419788
954403.2818494561
955704.0665412149
958417.0720284967
959903.8959941976
961331.7704478083
963005.7587480475
964540.8614695201
967568.7837321606
971687.9477310689
975185.0271270272
980644.5151592697
982909.3883169969
987340.084651541
989535.6619357757
992888.9656204432
994815.1864192884
997654.1191436079
1000663.7521652367
1004000.9246469818
1007355.7092863028
1010398.1691693962
1014591.4955318646
1018132.0547497779
1021799.165464147
1025948.8944062311
1029023.2714574795
1033047.3205710406
1036822.2715734448
1040330.7163406152
1041309.950105593
1045297.7379037469
1046791.089065174
1048309.6373096855
1050645.8910903905
1053689.9520969943
1057820.1712614212
1062187.006080081
1066544.746686522
1071282.2346827139
1075591.4821462831
1079326.2591743357
1081898.9529507079
1086126.1146636992
1089675.641456019
1093392.602702181
1096062.7885337148
1099298.4441164057
1102611.917955186
1104830.4119125546
1105474.611586359
1110095.1772325325
1108398.3274142935
1111830.0740768227
1117594.9844622961
1123179.3835669952
1124158.2780667455
1127320.6342766625
1131515.9265932436
1132996.606117021
1136071.7733233783
1138341.2001528284
1139310.1495657894
1144131.7448020498
1145532.1919419316
1148435.7265998516
1150928.2260798952
1153187.9712946252
1154688.8616325173
1155649.7933946701
1158857.4769404898
1163208.7740572009
1164084.3478698195
1165811.9458415683
1169110.9280377014
1170904.7363980443
1170635.002149724
1176946.0068428619
1180087.4340238706
1181868.73209371
1183426.0432552048
1187133.3416791412
1189127.4360074375
1192424.0887371637
1194869.6891019768
1198073.1039761268
1198168.2633506085
1204892.1867809778
1206868.6726220772
1210947.9364597774
1212146.506015277
1216230.0012494153
1217258.6497728731
1219857.8304877772
1214415.383735742
1223789.0089429142
1228794.571583663
1229198.1086090612
1231696.1526957229
1230988.124424634
1229263.0847059677
1237727.0525643188
1243977.5836868333
1246545.8106833657
1249117.2649700476
1249946.6918773528
1253752.5521670794
1257675.7752866913
1254006.313863019
1250742.9224002154
1259813.6493911757
1258983.5517322712
1258626.9423193352
1253255.8021988953
1257591.6264968603
1252402.1443161836
1253806.60671105
1249400.168372995
1248040.9063035802
1240364.7992734467
1250846.4800384543
1234410.194586154
1234224.9817558213
1247987.1440816703
1233063.687644678
1232859.779195191
1266780.7910856176
1272540.11242546
1282019.509526714
1276967.7412741708
1282547.4139050876
1281263.35594516
1291929.275502768
1276967.7399953573
1251264.7289814998
1197817.082348059
1227315.8157176874
1303338.1024552735
1291025.8712702394
1300111.9593086182
1287121.425730971
1290907.1689518548
1295417.1409654298
1280369.579097997
1292230.6229850806
1292466.7407546653
1261591.0131217167
1162037.5036347345
1209788.2486587325
1314225.6267922635
1255104.3573576233
1272636.3403245588
1289759.3558100995
1163527.1544331827
1226984.930090915
1294226.3954845786
1272457.172267813
1304617.5756887938
1286452.1330194254
1290200.166471562
1114411.633171044
1254909.0032215833
1301032.5972859676
1233476.9176321607
1057891.0895770472
1229290.692728572
1097617.4247383494
1234809.8742806027
1307797.9769649191
1180775.6423071579
1257452.9077049333
1309340.1623649248
1264911.8670083391
1292817.203376437
1280880.4007320034
1261787.074623867
1030970.8338552951
973709.1682005912
1327335.6669624234
1149923.1626543934
1316685.781990004
1279002.8746662433
1204311.154272253
1224608.8274074928
1335295.65108721
1077687.142100609
961313.6425235365
1350398.125815558
1295400.733318262
1327052.047122048
1320858.1154595972
1215144.3767183418
1203370.2769395402
1330865.90143926
1246928.5693803506
1220045.225824998
683782.9868950902
979842.7134313437
1268136.4168855217
1360539.6288634196
1073282.9220257122
1235761.6296999452
1345239.0740380797
1288692.1541807582
898174.8190783634
1059730.776341311
1162627.2434142982
1273194.869560529
1381727.5040977686
1275670.1161822835
1412396.3110066245
1290854.942512092
1182429.8365016244
1054210.7977970988
1139887.6633130156
1409056.5478112965
1152880.3729077112
1053192.546062542
1191140.0487721574
1292046.792031553
1396298.4964705894
981998.9096224642
602316.1127015658
1015050.0608892752
1214615.5091646765
1187808.0732713214
1305801.4202823387
976603.0816816635
1153433.0809451
934239.2537168548
857360.6412588125
1218075.0151707935
1035366.8086158689
1226794.8475616225
1274332.7271468244
1245663.9913494342
900362.3260603867
1341594.7981321898
1030827.9215983849
646430.860291907
773136.1764906546
1041142.3826966431
1041072.0250226995
1365510.941308423
1145649.401005152
1270319.067227927
1154545.004176901
1054497.6569344746
976508.1894967525
421191.803163959
909487.8475163196
1336999.6398351237
1163506.7896603202
1316557.7958510697
1077292.2718517052
1021595.7350114938
1382168.484683648
1183712.433567292
845984.6113118059
1218088.8012576306
1313508.4054027328
1285568.4876989338
1312284.5054536813
1284848.2153749412
1305568.3201410973
1265064.4865830725
1283651.6221925758
1254272.0910422977
1245975.8953234574
1266471.004154682
1277114.7808012136
1249645.2230442334
1230752.4453355495
1268543.0826413573
1237152.2238124728
1211126.1619395793
1222853.6364989765
1258247.4253963376
1128698.048170299
823666.2887253702
1144134.0368197607
1256263.322554816
1011429.4407593396
1095941.692635678
1204116.4844534723
1076764.8998075286
1232078.680322181
1226769.391801656
976154.7645018357
721013.6893890097
1150691.8943129766
1178019.9096692197
1263345.7715417051
1189035.7443000888
905552.9121006288
834049.8638964355
1220647.7286831283
854709.8858530704
438238.1924433411
1070606.2051733984
1277697.6858972735
1286453.8141591605
1218711.220662682
1041790.4956874123
1317715.846888794
1242341.7185596465
993206.8218513479
1011152.3718510017
1283220.8973511483
970612.355000668
1128785.299349307
1333912.2226412722
1178644.597912675
1131878.1359694165
613806.028267119
1138952.9969773623
1255515.9463693586
1235782.3069573196
1323585.6023319094
1231569.9608287683
745356.2941449815
1167221.380823447
673850.4227774469
924772.6055540788
1305194.1853136607
992345.3774766288
1275269.4050184388
1242714.8628144155
1348555.341163765
1199843.402819286
1077591.425926542
860534.5534882975
1021211.1654027274
1370509.4406049296
1282669.941720274
1310416.3307517467
1349279.7664134705
1265554.265437035
1215409.5806613888
1069462.1904540318
731893.6505025652
1313716.6030338039
1202378.8378709354
1102526.547422521
1278765.64732614
1203420.4136300797
1277664.7577294097
1133334.8531839442
1135515.8509452434
1080030.7442352448
1392521.1874568767
1247215.4568640206
1243842.7736842588
1343468.7885425023
1172049.4474022323
1275981.6372744807
1437095.7187382998
1219375.2971574003
1253857.9959247864
1105438.9815148024
1016112.3511605524
1330256.9749883458
1321528.7315795366
1364340.2530709894
1255461.6241403266
1392502.4373395783
1290256.0575958965
1357994.5016266215
1384938.9970183691
1257848.9365363796
1063994.7670184204
1282216.2784681683
1355556.1293959022
1328558.8466116595
1275008.0503576729
1289890.3185892275
1371107.7366818232
1391847.8316754126
1374882.7109730858
1329290.8225773147
1316862.271843155
1399606.1585029657
1398755.9071185288
1376366.4135975202
1400228.4209851057
1381862.8682624071
1374435.0973990043
1213297.7375521057
1369843.4762980738
1216709.8777226957
1218162.0772034978
1414412.9201827918
1367860.0019229646
1381287.2228464454
1369886.9789879993
1408389.3142180827
1275293.089017987
1090293.724204134
1332532.1828503234
1343597.0687494846
1378700.4030549515
1387928.613249371
1377597.6909288708
1386018.5340528137
1381078.197189233
1379494.9621658556
1370271.3409696284
1375565.2885004214
1342958.878175101
1235834.3307617595
1180638.6996928942
1360314.267797384
1367203.9805090763
1375359.6674511342
1366135.8110647176
1369190.072221656
1361814.873927454
1368801.9637377507
1344708.8050687104
1370959.2189269976
1278724.6446962554
1304116.4881417386
1377711.682305926
1317439.5785848682
1353741.1695379156
1358701.0664988144
1356984.378610955
1350712.469268378
1350731.2620269828
1343519.4613072423
1329307.7772964113
1317866.925478629
1356320.206096031
1341850.4992254458
1342006.3743980024
1213729.4817041392
1310158.7405200277
1315330.3275898304
1271050.782127539
1347363.4858285652
1332664.2395294118
1342597.1155817232
1333705.0201490647
1337163.6545419614
1339946.144981587
1335823.7329970421
1331230.6727421656
1302709.8682021415
1236412.6528936115
1317744.4717655357
1308250.039728292
1330008.2117648004
1319881.4412856943
1327079.76010308
1313211.4587158104
1321632.1230504618
1306075.8045062884
1315234.212479835
1313237.495748456
1318780.9101490949
1290928.0919623314
1281441.2094494505
1317099.4746854927
1312317.8510527732
1314386.3312363855
1310516.5493581267
1309875.558477308
1308528.7393939167
1309967.2181367574
1310349.9924253984
1312838.821385591
1294623.13552715
1297614.5368434398
1268620.711631988
1261175.8513405763
1309703.4956687267
1295058.8228884847
1301250.9491354877
1294047.5046583822
1299595.4155358362
1294186.9688682384
1297683.086997735
1292641.077688137
1297407.7576395583
1289358.622029738
1293499.3169462597
1269340.775714159
1270644.6355183101
1284814.190515324
1284805.7780354316
1282834.7419125105
1284001.8902102727
1279207.9251851537
1279988.46819338
1278878.2980304305
1280928.5513688116
1276455.9293866903
1277343.3434804815
1272795.4134781135
1264226.401688938
1268012.0074061255
1270838.1992451763
1268326.6728207346
1268784.7211646049
1265428.468717426
1265969.1269391393
1263387.9643798524
1263717.7193996047
1262278.2341037525
1258380.9145166841
1257469.9319754064
1247744.276452747
1247062.1455576706
1255842.7416050804
1250605.5767702607
1252434.1738114385
1246567.816626002
1248091.1869123266
1244521.5378299626
1244969.1185958663
1242574.2127944771
1243589.0071202058
1239393.2018398242
1238702.1354391882
1233351.6108832667
1234433.6364392457
1234736.1867122832
1233673.6294215072
1232048.6922955166
1230122.6303179427
1228787.1182329648
1228449.1746915719
1226166.5383983175
1225834.4736631014
1224871.1811803617
1224798.3309670687
1221381.5624352852
1220362.9755678559
1218461.9333076861
1219405.7893774107
1216835.8875708787
1217148.6680890764
1214731.178610212
1215982.884647831
1214115.5276506431
1213845.1834857282
1211864.6315034453
1212389.062116864
1208233.9238751167
1209375.7997331272
1207762.6035181084
1208613.0659176058
1207512.524191977
1206988.6020684058
1204848.352049685
1204759.121633486
1203369.6731933916
1202916.853893522
1202209.9057649155
1202530.1366851917
1200241.4602355682
1199894.7349813567
1198049.9404838495
1197785.300140141
1195725.9735213493
1195444.1333034467
1193027.1215610723
1195267.3227001952
1194118.8008566094
1193262.4732893226
1191541.387490849
1191071.1958434016
1189279.3338102167
1189344.5092829287
1186928.1772673677
1187413.7471767904
1186866.7059134431
1185808.0698885575
1183790.6629318441
1183492.3797687204
1181748.332472642
1181378.8901306088
1179300.8762796386
1179433.4762339361
1178857.6158399475
1178252.2446236603
1176197.745517859
1175607.5248329968
1172586.4718561259
1171609.137880844
1168904.5091894704
1169100.3697151153
1167863.6261877664
1167939.4265410174
1166207.5294652309
1165661.585068576
1163277.823974715
1161834.4403691273
1160539.3857503226
1159076.5773594712
1156492.2675782186
1156395.9125175958
1154461.8517677344
1152096.9977466676
1149681.4588035694
1147804.7867813446
1144782.9410114763
1144177.0277124124
1141907.8163129594
1141183.505147064
1139165.1463609426
1138728.1724748258
1137323.9829021
1134904.0948712407
1132470.3257336637
1131998.8241883956
1130429.7447873955
1128651.0318992175
1126968.9707019087
1126308.7249414674
1125217.987560023
1124904.1206899043
1123658.2856400935
1123759.9590345477
1123279.471330932
1122398.0298823318
1119382.4588697613
1117040.845070234
1113255.6970129672
1111211.3346371825
1107703.931870741
1104730.89931359
1099852.3911848343
1095006.9547368763
1090110.599255428
1085704.807208843
1075956.7253517327
1067560.0592136327
1055195.2901009596
1041765.2346962658
1026028.9329001944
1009749.3537793222
990222.0450987268
967004.0250768574
945229.0684720693
924964.9766380966
907176.695579685
891638.2762007003
870757.6589489913
854259.1646876654
845192.1118955016
841636.995087425
835447.306741632
830322.6145449254
831686.8899747242
845545.9564272503
867505.8693842159
913261.9386820976
984488.558626876
990011.1411984605
903608.4074248831
839471.785356961
791207.2118853508
764862.0949230556
746827.1876017327
743932.0700344245
747953.6674794451
763050.3973956127
786717.5496175983
818898.262887798
856904.0010707406
903268.8534814899
947228.1064930896
991256.876903292
1026162.9227060189
1053534.5800521318
1068815.0073077069
1078703.0080694319
1081362.4598029668
1083684.3320923757
1083509.8714021072
1083715.5393070916
1082488.7309365636
1082928.2659276421
1081453.389284037
1080787.8759574844
1078338.3720083595
1078495.0628576942
1076998.7480355883
1076317.0524203999
1075022.8993155868
1072875.5820672016
1068740.9954945405
1066238.246636808
1067085.8367289328
1068870.2698459066
1069389.3267502924
1071192.8561081947
1070244.5275543435
1070048.2969177384
1068751.6070365
1067874.3627897387
1065433.9925748
1063475.370735223
1059031.2150275467
1056896.0854869112
1053437.8946383118
1051357.3079049087
1048908.5129448464
1047159.9183959098
1045089.5866197543
1044159.9653699241
1042590.6551384086
1041289.1062002652
1039445.1337771105
1039027.8993974939
1038001.9581783409
1038575.6755776374
1037330.1861267664
1036943.348191076
1035683.6716990408
1034604.8792113012
1032941.3239377667
1032603.8945634519
1030394.8609252218
1030834.0452118273
1029889.1125176443
1030268.833093335
1029375.9791809384
1027364.7173883728
1025468.5006746893
1025253.2876718175
1023298.0388867568
1022560.0519469732
1021771.4162527003
1021070.0142430842
1019466.8873669814
1019982.9876880125
1018959.6730502814
1017947.9870090017
1016722.3083054943
1015852.1495378171
1013463.5514582319
1013218.9985013439
1012416.8483206854
1011870.6333747115
1010407.2065474625
1009987.2932287935
1007922.8460549483
1006448.750973033
1004424.5921153289
1003891.7251208997
1002393.6426227781
1000804.1676361139
1000136.579341961
999162.2881424013
997250.6941378323
996580.9544876328
995008.1102814153
993550.3724888865
991593.678417634
990448.1592621121
988498.7672728436
988423.6879853125
986786.9040001527
986876.3401407
984590.3103336331
983726.5324052434
982228.9613572183
980897.8412873015
979149.0488098281
977653.7739348031
976626.8267618368
975851.3869520174
974709.4647503706
973969.1780148217
972453.0661643702
971671.2600661175
969788.6313261495
969012.4578602351
967650.4298746547
966414.5710033583
965301.3640527829
965277.9577026744
964349.6629460688
964230.4271118456
962634.4747206431
960947.9747022486
960194.0540372346
958560.0377654235
957375.7786991561
956874.9625425268
955684.5831124765
955774.6770760557
954609.9359390849
953950.5148374646
952504.2930344278
951818.2681437331
949932.4468760691
949444.2750489768
948469.8602526461
948308.5093320576
947309.7879215201
946854.6632037768
944922.6940539281
944999.0983608718
943145.9517179123
942473.289197683
940739.6021125622
939526.0579564308
938411.91522778
938124.0569661317
936621.1137192991
935811.9692879126
934145.8972563295
932945.9142981936
930831.780374467
929985.5877620168
928785.4142934302
928291.8049574153
926595.8816647468
925448.1992427594
924195.5335969545
922829.7433191447
921666.6269337112
920029.5182465872
918322.9692101937
917727.6955570733
915464.4052309995
914745.540662812
913036.0792385195
911870.7684081786
910164.767035558
909452.7933344413
907135.6169256901
905914.798258122
904396.2255004063
903229.9203370054
901111.5418678136
899674.921192195
898728.8755452827
897775.5127250322
896019.0337310701
894890.8642356197
893299.1858220091
892255.5124046037
890129.2845531056
888579.3076430376
887533.113750309
886713.236644822
885139.1461190995
883655.9356951242
881822.6380717703
881351.9633767987
878967.8621240051
878177.4093742579
876633.9395371206
875435.5781629729
874541.8089173143
873775.2431898579
872276.6941204232
871937.6734418971
869892.6493596546
868705.5650579551
867423.7953144452
866182.6415371762
865454.64373158
864462.9088305975
863375.034610168
862493.4797830706
861093.4135040621
860848.9152883723
858960.3820640743
858163.8738788813
857049.5126647756
856414.3744012698
855088.7179193842
853867.8660685737
853049.126971606
852446.0206705458
850804.5914396001
850287.4120234933
848513.9605039709
847524.0523414228
846640.3158805692
845596.3070105693
843823.1666149716
843356.2572909205
841867.8176723659
841026.3038800816
839689.4495229621
838907.0888650486
836739.8576102655
836227.1164588529
834445.5722382031
833531.0008313603
832849.8991334215
831263.2796889571
829406.4735965517
829401.49319728
826974.2397730397
825785.465041575
822873.4182610904
822799.5577417132
821181.900035938
819487.3688369181
817756.402951537
817034.9279774186
815208.8099843218
813926.9786496559
811574.8489831563
809791.0636016888
807139.1313191183
805170.0716625435
801720.0640957989
796880.2589249888
790062.8742738595
784707.4287279608
783863.6635385001
784850.5203021986
786742.4923960498
787589.0947187252
786497.4587368476
786957.7319115403
785530.4113364294
784753.7967132003
783236.3159742925
782323.2625720291
780651.621762881
780902.1392642026
779036.0418522891
777128.9305169443
776210.6044994502
774676.8869387549
773513.5840488744
772602.9750445641
771141.2666362475
769392.9194459094
768148.1095072863
766304.280175518
765085.1842933086
762782.2481273639
760822.5379099841
760191.741832003
758514.6332491217
756782.6153301976
755482.1444088558
754028.4604803461
750965.6744393371
748605.9275078836
744225.4184870287
739275.5303065517
732185.4030282844
726749.3216354517
727220.6635753443
730342.8004465335
731557.2169023278
732722.7369768663
732452.9642051248
733248.864565677
732729.3079042432
732989.9744781842
732475.7869693602
732846.4572403998
732368.2668179497
733045.2805251915
732639.2663234095
733061.655265478
730642.7647958889
728666.5475909594
727897.7775061799
726713.6357256552
724375.8267412117
723315.4407759232
722073.4195563677
721835.8868736979
721146.447690716
720244.0873892342
718525.8743005287
718296.2601981232
716570.6642001264
716048.1448280585
715469.3560116603
713935.4228699729
713719.231738074
713114.0505244432
712701.823891353
713239.4213003364
711194.0143826688
709821.3791085994
707338.6810437199
707683.9854028828
705674.8516716162
704368.8753579793
703919.3516733157
703541.9269709404
701642.0222094866
701040.3828996903
698506.8432170947
697020.7246369898
695472.8646233672
693789.6788545973
690616.5836813906
689346.790610633
688164.3106056126
687545.0290242718
688403.0823887739
688366.5858797014
686189.9132457717
684407.927456441
682855.8568967867
681037.8654525483
676546.9874124686
676317.8677257153
677179.7543691392
677426.6941397754
677200.99063634
675766.7755577139
674854.1545849169
672442.0601790063
670954.0691743915
667487.1355491229
667517.8659137742
668140.0888906117
666800.1713097973
663641.3124073483
663046.3698416429
663280.0519235866
661770.3227909086
658950.0394815184
655617.7348154922
655192.6509435236
656671.481258628
656930.0962888873
656128.6211652118
654575.5251737277
652494.9047347899
650371.9295794056
649023.469770295
648649.3730921727
647986.7840880135
645978.118304255
646057.9108870166
645379.639373578
643436.870159719
640320.5540020636
638692.0116459024
639533.9593220493
636245.2579722306
635103.7423108439
634843.415896958
634816.3413647647
632502.3257010643
631489.5056174453
630615.0807517956
629273.482820214
626304.6610451044
625534.8889511036
624642.2827135617
623444.3023283491
620424.858092876
621397.31129549
618768.9535312571
619847.3958956649
617901.604104618
614597.8357515197
615924.657825695
615946.2960698605
613731.712904384
612523.0678993514
610630.788042989
608989.3769628216
607683.1478013278
606997.3570018547
605529.5556821768
604797.8780501835
603090.8390196193
602280.8669023259
600775.7205152251
599749.3416920222
597784.3934084262
596174.6673298978
594098.222677894
593828.3405110777
592174.3537227523
591795.2485794361
590472.2533491415
589970.9359650167
586171.6615878093
585075.1832686024
586086.0292069045
584352.2928248271
581721.1605317104
581653.7504995923
580922.7502094478
579765.0764247144
578442.7292585756
577770.1135283957
574986.1491625442
573673.3175261498
574307.101641866
573045.209915073
571265.2982824012
570561.9824142104
568870.6371351276
566835.4455902427
567792.277948036
565291.4200771664
565562.0186096587
565265.8851202467
561878.0757433673
562550.5704242211
561570.551053031
560956.3764290551
559186.7923230184
559185.6706059403
558125.7211620756
558001.5713375558
557008.0628641155
555558.6055083161
554909.5570499012
553225.3380989663
551773.2295576963
549097.1002508905
550013.1316678826
551301.746782903
549294.4072182293
547983.6645114713
546064.4606731267
546517.4306410366
545652.6439321386
544619.4263092484
543431.8243605429
543084.0681492611
541271.4986699687
541513.9280597047
540504.6957258065
538374.3202437115
535153.389662071
535909.1253132522
534828.2734193696
534760.1456585454
533352.5741381185
531999.1958458733
531928.3569187586
530957.3490823398
529462.8972535311
528754.0800044453
527729.1068629401
528123.0189861604
526223.6518418163
525142.4258876203
524382.2217906044
523529.5822577054
521936.1776939224
521159.1531320065
517586.7942870764
517770.0144960934
517467.2803455422
516857.794517405
516296.7751778278
515533.9798246298
513877.4225554744
512189.5560435016
510615.9781368733
510002.55768071505
508508.7389858074
509277.1056861918
507666.1410340366
506604.16334135894
503871.70001164597
503717.07596545585
503588.90867199807
502172.18133011676
500864.9409044259
500831.0272451125
500005.1832037963
499501.73402265017
498901.33421293844
496681.5148322704
494699.8446197505
494380.3843507166
492897.2057032034
491874.3807430944
489435.96178576513
488934.4678260786
487874.1736878114
488490.3261898141
488568.48670507903
488467.1668026368
487786.4421071245
486989.4501863945
485452.82576551044
484372.8805693499
483166.02187143103
481316.7785223778
479768.89852235635
481361.6083449216
480452.25581189577
478585.1573616088
475781.69373377104
478018.7145276823
474206.15171660203
476394.5008732104
474831.54181666055
473626.3259528528
472899.49784975237
474086.5200097136
472331.86985146056
472690.90321260045
470679.7708422819
470307.00102941203
468463.5126044457
466035.252980422
460763.5849118403
462839.8475172776
464921.1402753704
465156.12884169735
463052.6303090877
462482.0162042966
462352.2450424377
462862.72478572966
460640.004125534
459877.3935077637
457690.49808226066
454549.56698006875
451757.84922916
450729.0436736839
442889.89974190056
453925.76975429634
455192.85873649386
454881.61870596756
453268.21664369944
452553.12349083443
450650.9095404431
449120.0168933787
447047.2768152568
450489.3625643445
447448.167702484
449355.45896004833
448180.8459750652
447875.7222264269
445272.6792946918
446654.4635554385
444945.94900101295
440765.1819886762
436624.9698189438
442965.29753966
443436.5810420288
439646.0214787183
441848.6349305342
443450.76496234664
442331.73344482837
440199.53415326815
439674.4927331766
439872.04115231876
430614.30272530986
425304.230621645
433857.4865694708
439375.03721269686
429070.5445403404
435574.679237317
440841.4161312062
442233.9259251471
440576.56810458686
437672.02801192104
433888.8844322293
424978.428751352
421972.63187029416
425262.693203973
421156.8873824259
431877.9036990931
435977.3758925521
438082.9184933366
430195.0894522823
437107.00081050734
437382.3775775727
433351.8037281403
419465.93163999077
410185.08326164517
417701.6066258331
432750.7832975028
421317.65271389164
425726.6900613824
436394.5271584374
435463.56189018046
428181.9716193688
422769.4652851854
413444.050632655
389903.9689835913
361009.35984792677
394578.93734245223
434452.3951701294
434214.6523832385
431490.1847037192
431265.30262758204
430510.7550075049
428526.2039140283
426957.87196701724
411951.6680116777
376149.93792672764
364830.49305450515
412117.9350449767
422609.39637058065
402190.1141803934
405748.5080927131
416020.27303443296
414865.6766174631
415316.5955223831
427803.723636755
410568.0153793638
379437.77623258904
367496.6621171811
393010.6054184411
374486.4670850936
394947.1470619989
382000.4426453687
356551.9248306027
385722.77841738856
427534.9700520341
406158.60437888576
372175.8938339398
294987.0482002219
357817.6984244546
423660.8205388501
407175.1416370413
432865.2982141784
422098.26052337873
428948.94736492186
416834.0882547593
407702.67844279966
356780.6297886885
295373.99934436765
299364.33303516626
353811.2736907568
417400.15636934363
366828.3206866832
391303.1357834827
431194.7985994647
425240.0260915442
426703.43934176315
416234.433760501
382532.4618321787
322871.83940205106
313215.78102005745
362749.25838944595
279452.9143278253
319662.6284111719
395449.44422008813
395443.9548878717
421120.96144555736
397431.1112184244
370821.1642147885
298017.5913535798
334442.5496519051
371333.4868973675
415671.33900385705
407930.41231382557
404188.6863684076
384904.40078855323
361861.7174722765
391815.36777849187
396302.61172113084
362525.6177193795
324714.0119902906
308408.1941398617
350196.1751753497
399848.4418896402
385546.044430667
372729.3340519784
358432.2199965002
348937.1058171481
352009.66665923904
344929.4676884699
367915.3461794772
325640.7142177148
283094.67050917156
286561.08705127443
283186.9172573552
346079.3826941477
333428.47923507215
310311.6445099494
214273.01172143224
286136.55249002646
282279.14458015526
235660.3017951544
269542.58910381026
321612.4154773237
352198.02944748825
323587.11430604995
330445.225529565
343104.2961731912
360115.54363147175
319129.57359894796
344128.80684785446
313236.3295528631
337330.95389677153
364691.65637473826
358041.34907392325
349810.2831489878
323450.26418699144
332741.5314979415
350693.3792176787
332649.79453437094
351084.30870584573
350383.3444912784
353610.7756799921
342526.06586079823
332875.34305874415
296651.4508320817
310256.883588926
273440.6834002104
254809.01660370117
315365.22609745583
283313.1315806089
287934.38290504296
347859.2091903354
327001.68569673074
310761.16103518324
252969.7207964894
279383.34678857797
272732.8332798823
232338.16606214078
301683.4594781875
307264.62575535645
295952.95146994846
308065.77636935294
280984.3683564134
276788.35002380615
263963.29806532105
237694.26960112606
235592.85625731383
267854.53668784763
277876.80313585105
290797.2419179447
307313.82485070574
289565.53606515675
247917.44871672397
187065.69903755726
179449.16098971418
265373.9887823698
287718.70019280835
284455.6309560815
261929.1443723387
254943.51828367877
248646.55725828992
271014.5076218891
217829.8710851345
257782.55360790165
265802.58498956444
266041.3056673549
285041.41257435275
251058.5279294274
248107.08032354087
268943.95216735546
237911.17444258207
255755.39367528626
278360.30057001545
239770.0379242106
261124.25819404662
276348.5161705917
264397.7976871259
235644.71650032394
223243.44070086803
226746.92444532804
230346.16889798362
260935.8269095579
274279.78851120186
274762.9006998354
268476.62832281727
265172.15791907115
249043.36290121233
248421.19905467873
257005.73687317086
258478.51575983374
251413.33830465758
247592.94400389923
257969.70341503288
249008.91976185396
244136.62422016312
244947.19243653273
259336.6432411565
256745.18052161232
251555.2259119052
246479.7678669251
237344.36577531783
246920.35919530215
244170.15162087398
237223.28652845506
242312.30536644234
245949.38678840065
244165.16866800401
243598.45885019642
242682.80189535095
238946.08354165393
237266.64988076856
240165.85350477337
241429.61608217494
238758.1490359261
236923.00741195
234767.6372918035
231912.7393689306
231330.5766201565
231612.25415861234
231090.48821998754
229006.60466213664
229835.64007417602
227574.3933121442
227236.94376355913
224511.47080427202
224430.09927640937
223477.22459545397
222241.0610911528
222189.6809166196
222145.78242082548
220667.40232219384
218992.3836790807
217606.8475593001
215756.24899651142
215539.4393548729
215747.99804295038
213737.60220194192
213617.9612224919
212774.02824457907
210996.21517242418
209412.03973727796
208594.31127670975
207201.72411306846
206588.01145996986
206193.1532019401
205390.26630887925
203459.22554245853
203393.26767390783
201889.46307642473
201428.29689206457
199872.18344855466
199326.5076280538
196875.16864283656
195815.14791846517
196641.11514433645
195647.47527672953
194799.5949626461
193216.61005680464
192496.6083013219
191452.98216480087
189850.469688455
190033.83604956194
188578.1022401325
187811.39332737288
187181.00679145087
186766.71134423147
185095.21024737836
184997.71327116093
183612.7162327188
182339.98089587074
181462.6804684036
180608.58721206148
180203.3270188103
178818.94246849467
178267.34234029538
177498.97645913454
176571.26794124796
176418.3573681809
174829.12783590454
174672.12805311268
172992.4947519258
173146.4483861982
171707.07445541967
170392.63770647103
169140.89478879696
168891.70321639
168844.68773531643
168003.41295708754
167282.10104424052
165747.03236950721
165393.38626004185
164929.1282657127
163957.1656009378
163593.99328690363
162353.58336907273
161165.13033392697
161042.9630509226
159915.76691198724
159708.37832235487
159261.37803338608
158186.61113602505
157326.43974298652
156289.79208488273
156092.33769580603
154627.1601389373
154146.45321536696
153693.56097497675
153219.21118813122
153138.16025855375
151857.24384835674
150993.11397475013
150888.86248769527
149183.97972687247
148916.06328712835
147862.10290902332
147531.7863513966
146153.4647415434
146560.7751379944
145662.19769130106
144678.26673159827
143840.2409208759
143915.96404138836
143083.5007348183
141981.9902248004
141207.54279791832
140564.01205616648
139718.32790670003
139307.59688621928
139044.7596639707
138442.4998671994
137783.98393687097
136689.86602383276
136243.27019468843
135222.62243261575
134750.21805906927
134107.82467758472
132891.9898126841
132846.17276036675
131802.45301720055
131856.81788935716
129985.58829532932
130598.96301748192
129701.03544381513
129033.3962773503
128060.8491464251
127534.47075370858
127092.22691740775
126731.96432232976
125748.36603131474
125404.63336948394
124646.47271743052
124622.44965098164
123722.23560255434
123269.69274832908
122601.4089365296
121725.85786459481
121085.98871509047
120422.18822150058
120004.72118025972
119631.48020580466
119422.13852911728
118588.24333050285
117666.69302805026
117750.40074807781
117089.73306337593
116251.19990307748
115739.8714483468
114998.05428743773
114509.18421077623
114087.50382143927
113276.13091122007
112977.12620710285
112434.25941389405
112674.12519471423
111753.28980977234
111221.47432137468
110688.57431794002
110426.77801683276
109566.1527867716
109349.87199804267
108863.15867523591
108327.15026577088
107851.71433573237
107339.38849738974
106941.31456695062
106637.74170148752
106010.44476563914
105720.20073066371
105058.06035155423
103983.91868839163
104169.64316078615
103813.55490161963
103517.75048212108
103207.2801874291
102744.46213823222
102273.93523046824
101672.94897896379
101367.23533072877
100616.4404963145
100308.42281313465
99757.35391309706
99386.4579188965
98719.96619010858
98365.03638455039
98089.28786691454
97458.01154463037
96817.3603546208
97321.68866143648
96046.7796545229
95586.8584725454
94943.84686583871
94789.67908183212
93911.09137955339
94220.89867475594
93374.14987972775
93308.9925994468
92550.92336162385
92435.6794905656
91817.61819941414
91340.94604644564
90979.40041674557
90549.17928430965
90254.2467986773
89927.97898198779
89474.44791787217
89392.36544597264
88401.16254619772
88653.23332654126
87728.7069708532
87973.84767128773
86907.96894501743
86402.44283666156
86085.8104924116
85579.5427198528
85350.71671227104
85213.27654549999
84759.36294569299
84509.98811451007
83663.24384268567
83798.04316706753
83533.1047325072
82674.03478810322
82316.07493432259
82101.61936570719
81790.65285699489
81415.69787313153
81614.6183358447
81008.40806386528
80666.44125236823
80092.38087914529
79831.85429202001
79893.91070950525
79025.56573652518
78203.83946093297
78290.79145391862
77845.33279577325
77212.79930161471
77570.3644768849
76639.92824801191
76633.80011269405
76362.26306103138
76293.77038491216
75997.73439210675
75150.93165654711
75121.3681469987
74829.14575947732
74407.6307245779
74193.57151080662
74034.12038635585
74657.09334234224
73589.5094367302
72684.79028501024
73075.14418262824
72571.04070479258
71892.30693975136
71573.13995930244
71272.52205857896
71713.38525249824
70715.57780814536
70739.07054472211
70812.36470079889
70324.58978351722
69848.98690631056
69897.36628490337
69535.84216237007
68370.18517974863
68755.76954505916
68488.54602358461
67661.85644856647
68268.06290663336
68401.76487071389
67729.52920996415
66870.94933436347
66865.95361802062
66473.62055134628
66423.4571343093
65641.33635802045
65756.14539915064
64975.538868556905
65593.24482374673
65035.73202220953
64923.30726358978
63717.20496364671
64101.17868901707
62941.381304823626
63338.782176403016
62922.85725307729
62561.04821137095
62839.60392909825
62055.13768944565
61657.9614524026
61744.59348217664
61530.77853420675
61479.62019002767
60400.96695560828
60389.15401141243
60379.364402606196
60247.49335661622
59492.80495354249
59123.89715673446
59310.033198119316
59338.03216826483
58862.93192308295
58629.6089819103
58716.24492856585
58347.603634506544
57908.49268024325
57470.82376516405
57434.41414951329
56848.23520495878
56869.82857967006
56911.7475936068
56228.823662085306
55934.076396973476
55997.12159812519
55720.8100036517
55237.35411913615
55354.3876017757
54639.20081670082
55044.5143882999
54741.92986041357
54721.294899170105
54431.95435042886
54320.56966080573
54051.02292684804
54042.113272021896
53461.85595559331
53113.459638594984
52915.14204649965
53295.992392014145
52077.24511700524
52398.26094075622
52357.75973484398
52203.304193322634
51757.27062407393
51655.5768655112
51563.327804426386
51455.39310316238
51114.41508490552
50773.99529384403
50917.42986493418
50594.46620213492
49951.92139707138
50029.73064414245
49533.720205452395
49868.74680226145
48778.466112667425
49201.20771498231
48895.84792630108
48341.96568726784
48179.40051133593
47935.80501373698
47739.53485131959
47500.83892114164
47788.863576599375
47844.94191992127
47432.40777373166
46894.64625797721
47277.56726996608
47145.35768776114
47036.90137049121
46355.02499787276
46046.24722651793
46188.69149177203
45687.502040437255
45778.60302351264
45298.604087069056
45108.53338218318
45426.85131972778
45113.64458057069
43968.65706826751
44357.54981226114
44232.80865049663
44078.359973177285
43677.73027393721
43765.39880018691
43515.36991588783
43225.76770838471
43239.85424262708
43273.923304199736
43284.3487215434
42971.81665208596
42631.8359954807
42355.66250964756
42010.77104590921
42105.988413429164
42060.248741320574
41714.14091832918
41297.77977081843
41321.09718418588
41528.42489853024
40738.860107796434
40358.869810695185
40428.27699154744
40106.730347125085
40421.918676157606
39925.3360694606
39834.91412568179
40052.51610630829
39594.75716258224
39061.73577955318
39244.712352390896
38795.60521685764
38671.406048286146
38340.921118627324
38669.99389656846
38137.93930149581
37857.87517851537
37847.90401925936
37971.890560204956
37385.51482195712
37461.57070772973
37048.601291729414
36993.24753686744
36464.945752306645
36927.328940562686
36312.70049999855
36280.427697595645
35889.76601429491
36137.59063940658
36032.96014995799
35578.890461878604
35784.722295909705
35188.07804914692
35284.50809933778
35054.25085617006
34580.7910171236
34582.989238683054
35090.09439808036
34152.77182834693
34017.000257296386
34046.22835156027
34253.650568351346
34266.00767821952
34267.73207461281
33358.3326619903
33524.637256261194
33602.94410144905
33431.89540854991
32956.748660433506
32869.845003267175
32241.50268794151
32015.30130323403
32529.32570167103
32338.284012173342
31900.091822579554
31902.289737467
31039.161982180267
31864.482849941072
31659.792887699965
31520.904402073942
30878.85012153769
31104.095217794904
31056.30996804933
30483.11507505982
30244.78968135788
30459.041195127866
29962.994833835295
30100.32674998242
29814.84012575004
29749.919707088462
29917.00480135074
29363.0509186108
30108.641401677258
29182.42479118703
29361.071010853655
28629.42463398409
28786.143817993503
28852.790947966147
28923.50104231734
28733.320514099247
28131.376832403825
28450.871670330544
27528.98931711712
27969.403836380006
28021.21896406355
27457.167820236136
27161.79170486995
27075.792896095052
26987.730879835424
26936.65874245295
26971.148024779948
26520.40493999582
26693.07633308178
26975.40367253618
26771.681401180882
25895.478200836587
26141.16421138823
25397.049609403188
25949.335083460395
25848.417054335398
25975.776368912135
25656.874676580832
25835.82806331291
25153.00230303249
24486.36740937089
25045.726615232532
24764.601734231845
24508.41954272384
24487.10369699789
24097.634993784875
24456.17840030971
23989.885875804535
23872.135639516207
23865.413498534526
23375.244526819526
23600.248119728203
23328.577782156968
23305.861897480554
23226.918208352097
23168.884116271252
23454.897102941977
22856.019878757077
22788.436467459767
22722.653508263433
22588.848256413614
22373.2569001396
22025.507109446193
21960.224747766075
21874.18386407882
22277.779443026087
21790.082840476432
21682.56637545069
21506.886876136774
21460.867881445844
21084.14012159782
21537.541218285165
21568.788148609336
21167.665541262104
20946.656455462045
20760.991198823303
19825.435502060987
20481.994748534675
20979.337441192183
20176.529974531277
20544.87461861921
20057.080260704635
20187.95565933162
19721.35406480508
19601.054152821423
19605.601662929206
19549.56171321455
19077.48666994019
19157.589127906656
18766.086237529893
18781.17020558355
18714.08144810636
19214.862775600548
18531.256764147784
18852.61892200226
17975.689981994627
18676.012394075304
17980.43072542766
18266.72837081257
18217.792097289977
17946.294864663883
18033.839811231748
17658.822210820363
17418.22785775191
17481.568685728427
17467.90645946764
17114.605196013057
17054.45048496126
17155.30529158364
16953.738121474635
16780.427013328044
16689.52041085613
17302.4257109454
16574.74002069422
16531.268960028025
16445.91830296576
16301.19359229044
16130.443126528846
15942.994826064258
16030.520161198901
15817.79642794796
15690.082374800744
16237.016153737117
15451.528361059723
15658.411503146799
15020.860896489294
15297.37044672382
14988.684110979786
14737.900616010056
14944.280449367337
15129.951314138332
14219.374016348054
14306.399888077884
14510.482074086469
14534.81396663277
14400.117263622082
14749.34663378449
13803.40630401696
13649.196979482585
14525.68194636659
14808.74488302802
13621.139302549405
13695.071853385938
13594.014520349823
13697.191258344865
13537.879410109526
13178.331176474328
13245.903735266684
13586.8662762104
12825.703269467858
13317.651759448263
12640.770476642432
13064.985931134597
12549.598259913108
12551.46271800936
12577.374015882924
12477.421799119367
12255.77735418696
12599.762768246248
12356.523189450221
11844.19149031255
12206.295190075003
12053.357455507094
12385.026973229555
11387.943725097182
11607.236079141147
11686.837279246061
11526.099489587148
11635.204939821659
11089.64713008148
11246.97861278301
11194.454232427372
11467.466177034612
11441.542881020021
11121.256988841087
10365.90202420073
10730.705274660691
10911.15339338227
9877.55960035646
10435.124539603034
10044.090554259912
9940.987411780161
9915.290794868208
10223.542297425429
9976.06539762702
9836.248587097954
10282.945595199195
10090.291799166094
9936.863486525732
9823.110822910148
9537.988516661813
9630.086574312692
8958.2268075686
9010.17571868088
9218.59979568684
9260.852216758245
9027.743736714327
8859.311895013005
9202.904826877642
8992.715903363001
8603.912885804395
8731.633115074163
8692.804515811833
8492.703698173718
8694.184819385053
8523.622611361236
8074.86879997562
8218.539620276524
8378.35977335176
7555.6425466545315
7949.411151428931
8287.291013327182
8453.160084629953
8049.3270314610845
8206.805647919333
8371.17036821171
7639.379499593693
7656.853649799886
7363.155758994384
7554.225056909527
7665.284087221693
7306.021990914146
7114.518113345587
7439.761998941584
7279.184742070468
7247.084464618935
7629.854135347342
7170.390219587178
7002.41769902924
7261.595402868868
7132.601358714409
6929.768833078614
6926.610406988634
6856.291462717882
7176.278806483984
7058.262295941879
6982.210885983396
7204.310895577275
6336.058390053393
6757.903920555366
6592.340743573144
6370.107277256043
6495.540517694419
6666.927706087
6723.555856602356
6402.280749207263
6142.451177465115
6544.999451195219
5642.72548588549
5932.857480806291
5575.674900397848
5291.328936487305
5713.919190006125
5984.195440285485
5444.735092173525
5913.126341220127
5130.825911132068
5689.206662719593
5852.374128223529
5646.98679228989
5315.313976155452
5527.068139715387
5572.411744406826
5553.920124525049
5538.477959153951
5819.258938841286
5396.570977053619
5305.544825127682
5366.087779304643
5447.395431281027
4670.096312174624
4700.555564073497
4832.543731293996
5062.9480814489025
5072.48182609321
5527.458475968282
4960.743128472051
5103.257834579159
4607.203529553076
5484.102746317337
5051.658542214354
4843.676122898057
4729.911004506778
4679.654183480738
4109.041562333891
4622.75753678575
4193.747838101282
5251.193492411676
4811.522417060863
4919.926864218968
4717.978471866662
4449.178328536599
4882.789313536486
4574.683943240341
4607.562457100553
4164.45103270829
4407.457379722955
4753.878665563993
4404.240538065228
4876.033213186418
4606.444105373819
4763.943001067758
3968.254017995694
4456.563831838512
4270.031407399012
4035.830474447945
4582.337026665627
4309.58125575069
5076.827993098913
4617.362955225076
4267.675174305034
4307.981727513227
4438.657820532903
4942.357324128481
4489.859671910839
4491.889388853736
4531.187453374055
4196.4092801822
4658.429101852973
4989.153765800552
4726.141561699322
5021.174736324391
4799.137291090233
4960.063823184736
4727.306647864063
4591.878769144021
4814.4998984039385
4586.00144810462
4921.033013211551
4700.8789861246605
4567.921831396429
4829.589203860967
4467.746418340204
5087.3658225393765
4752.926957823272
4835.908411206344
4998.044224329062
5150.532234627072
4887.100308647035
4711.57824545471
4975.435962815127
4624.439261706961
5463.207194779209
5283.326388959893
5485.052205438505
5499.522644053412
5516.778397787665
5209.542875325328
5674.376727869821
5878.756396036639
5439.070027511664
5181.690525429485
5291.18287175716
5358.269791726017
5545.750365930985
5300.432673998516
5360.571786103083
5567.755455571877
5868.458437891173
6249.563677526328
5092.669566411753
5878.557868546784
5576.6209091257015
6254.91666553839
5753.447851163178
6013.515033989314
6485.612788180827
6348.06828091797
6141.050117824316
6355.118721671143
6308.595072639447
5879.989188994311
6070.624939493532
6116.139221722976
5952.309845671051
6478.068134434005
6286.326002408581
6543.39435546437
6492.733191200857
5990.064228900646
6947.621840106415
7103.819940935716
6514.288234251717
6822.047275765589
6262.316789691721
6341.172137468211
6496.842803279636
6881.7683421933525
7117.667576792251
6876.698188506561
6957.58984587077
7033.832954441968
7256.663955870837
7415.945912078698
7521.583615427744
7355.868694033819
6968.042160669937
7544.933292504225
7204.224237288814
6585.9512463312985
6913.289201564017
7330.714033185832
8019.991938949836
7652.7696792036895
7358.111169867498
7703.484096943031
7820.0702020560775
7722.52237308411
8263.144575117187
8024.535830581413
7972.917758497731
8294.476343949429
7759.314668268267
8185.909019288512
7982.8412214678
8094.73014295728
8351.85460206692
8174.856422277245
7943.138927795379
7939.151479054655
8201.459805666105
8047.245651280436
8692.191477277469
8357.911501186998
8085.289270570629
8546.239201417182
8638.702261976716
8338.47302237773
8641.140209499219
8415.110159652533
8856.150773649739
8806.695627421972
9398.485885998789
9109.027548411948
9148.936581519498
9139.591813130422
8798.768851546794
8999.609343019602
9360.50267947325
9198.610109794417
8525.114204871272
9129.180990466572
9716.873143633986
9406.47693646312
9778.683160305485
9550.938272490517
9803.67855045133
9374.900498227073
9720.793764833912
10312.468895535369
9438.049324549585
9747.009754305707
9982.084574871506
9812.168712698362
9835.578850648046
10056.36244299574
10126.431490712419
9902.783733938579
9819.51673191011
10035.422339847313
10048.80841714697
10822.90974915747
10319.911884427833
10053.750845440098
10035.928193278463
10632.49469317275
10333.47355646309
10210.887786800635
10854.482983250287
10158.249003808876
11051.359834122633
10550.684905840419
10617.479672161442
10305.400401555904
11270.627009910491
10737.651523081917
10861.516427553219
11188.015899689073
11515.238955678267
11162.027086740978
10647.435422327473
11368.654675894899
11311.072335289875
10557.510581135733
11132.262744723761
11265.238978990734
10916.696869129511
11474.657111173132
11371.738901829985
11376.888623600089
10680.45845050263
11658.969023707494
11346.748980594595
11096.75046931304
11814.408040730643
11683.425589160694
11668.368300459968
11700.703377341168
11470.0273125092
11932.522080057803
12275.379144601533
12640.536075048021
11850.63382796108
11937.108259531831
11587.293321237747
12138.121171169909
12307.26430866253
11718.87145846533
11670.463770346567
12640.172782238702
11857.27952274315
12129.840285990682
12329.285229119983
11870.233718452362
12217.53951835086
11892.110802883148
12359.651489185226
11928.488102944304
12639.496386883287
12431.088486817383
11922.642729588208
12131.035880027084
12910.453751825691
12433.845250738783
12224.098522840533
12148.323298525207
12443.774010000565
12550.37592585025
12781.426415495895
12450.87964172647
12148.527801895509
12685.640931561453
12606.078481724506
12071.177811726751
12849.703195058068
12835.383002080094
12620.288650086519
12538.753205387231
12647.245652531758
13277.99148938461
12623.812184770095
12987.311589855104
12327.65247872914
12689.00775950595
13036.680530875412
12730.692108983721
12629.08797405347
12816.293448894483
12673.863805417495
12718.654379867117
13091.14219287654
12707.157633178445
12762.083052850245
13115.488647725413
12775.221587579945
12624.696069645654
13145.443582258677
12855.500499765849
12955.407015564064
13470.56005139849
12958.74309396892
13101.876729911926
12493.322126503157
12934.860340845835
12951.692342905997
13128.29788162959
13095.635605578691
13501.227871669873
13253.98851493096
13245.965080596445
12708.175243857564
13169.932045676329
13124.609530166768
12971.505500967716
12889.356136434095
13447.126556557316
13033.151868826702
12769.893638915584
13286.74097360405
13264.327082695503
13279.384428883992
13151.324544641326
12872.53477539027
13071.658921516064
13249.655340466012
13083.219226658413
12998.392938519717
12812.28338843894
13003.365329767857
13012.142264427535
13549.827103522846
13303.535710363914
13380.997364162535
12886.344720001958
13413.26983232786
13064.60473928584
13252.866701193368
12812.750198114274
12533.974868939842
13011.91654509411
13407.82257049769
13100.785525916364
12642.225439699248
12724.349681947599
12929.326711369415
13157.551909694206
13164.49460091821
13204.034612291196
13341.909414818034
13055.255388986723
13519.336102448031
13023.73783735793
13159.183886902594
13420.153682288734
13206.957482529093
13239.573624489034
12715.876676919508
13096.608086723843
12989.062428607775
12434.389654020844
12706.752455874033
13537.13481134639
13068.833395878912
12941.826171932962
13371.744819434438
12712.758793333605
13353.289787771359
12699.655244638809
12865.394918624706
13323.312005039877
13121.135172733688
12556.770903000108
12576.99518833859
12722.43153923471
12543.52682179403
12630.05231131683
12877.189522040637
12614.08691020428
12677.57851888442
12792.930077802952
12548.537635608369
12926.996686249602
12814.545448861241
12297.660599697023
13146.6966015238
12746.212778066076
12622.644641624962
12753.785392811455
12793.060429404572
12766.243581942137
12725.519611797925
12785.176722657065
12799.204430064769
12485.745329911175
12546.72284481418
12778.741902342244
12984.085484610589
12342.874870185728
12349.315331675789
12945.523221827656
13060.527719173264
12156.390828008336
12144.882638625517
12565.372341876156
12863.524785401953
12500.952696846947
12297.970055306123
12462.712161482876
12406.642004656806
12505.109481323394
12520.130752290712
12667.405666328754
12314.131128542502
12600.786635474362
12036.880086797517
12224.461184121832
12395.418178758311
12392.175964298593
12168.060360541527
12342.611263753728
12208.779340200836
12177.843476798993
12224.307063400238
11992.281954327753
12495.987890676879
12356.844616009514
11779.837936514105
12419.709228465175
12303.115860626545
11726.441037860448
11804.69207136389
11893.460248269499
11761.98693094457
11951.22944582003
12001.12452055205
12168.138504910652
11813.830263406582
11865.621154388567
11704.915987523626
12172.3435038922
11800.17867261552
11819.616770629582
11751.661216081327
11744.779107672424
11605.425833513786
11816.667197220755
11580.13221073198
11735.627416956871
11670.044690759183
11648.101391588101
11895.892125255667
11577.649332719904
11928.331230865533
11761.022438609172
12061.667656394462
11249.156758761776
11770.057769225506
11484.011410900268
11466.983757383381
11737.562079714253
11610.428975882593
11599.527128984771
11402.01214463453
11832.35648571912
11536.215082056098
11333.7400987087
11243.083231883513
11449.811489034148
11234.23563993612
11510.870910357926
11576.109326270896
11037.21457356857
11422.775595148165
11017.388844833666
11093.399948169943
10989.875043538575
11220.480693675465
10921.919762538837
11487.441009535993
11304.243018893514
11337.97064938247
11016.599657840025
11365.60817065256
10930.534135171982
10823.54404556937
10964.433967312063
11262.910672244809
11441.646642597865
11035.25847158988
10670.098123882302
11079.418601593014
10858.53731524101
11563.728972465567
10941.948211899862
10920.360977774548
11016.551356425993
11038.635562680416
10806.189579614893
10954.330887872355
10730.105639409856
10975.622630551738
10617.824880763723
10727.453952900254
10617.275042741923
10209.716381990722
10669.916717543096
10901.176916178394
10924.494463533189
10719.327057836137
10580.338383828199
10759.439791250568
10648.922702779382
10441.823199167942
10702.746288971042
10624.192627087135
10562.154657025905
10900.134303923294
10677.24152443208
10644.605206169617
10118.771440723243
10502.949495885152
10319.660212726567
10022.482534599483
10177.395225544951
10470.47661337811
10214.052424755404
10469.668658400231
10583.035637490868
10215.13004314077
10140.984697270535
10497.77108766837
10148.850579784757
10227.09805233474
9754.618460401602
10421.456477119002
10184.219828681897
10348.496023116475
9776.279845420524
9882.62121272107
10508.99074567676
9940.975668077866
10286.542749811817
9640.792531478995
9972.627476975611
9663.441030980157
9509.736783357394
9831.560713863733
10265.69339852588
10054.07567573918
9819.99079827497
9669.258077705214
9750.519429655702
10218.155045737232
9559.731791332597
10120.097835387074
9655.921086135157
9754.409528685455
9509.782482737093
9606.265149660114
9460.21845407946
9934.495811589386
9547.866824728766
9701.866574071337
9549.91544001901
9261.030834822513
9605.446352117793
9259.99665374931
9539.533137018469
9581.977496712907
9466.990712053548
10104.117769686474
9758.767580320779
9378.76602387406
9099.045885229347
9660.657935015788
9411.143170391399
9119.869877321373
9117.057574689863
10054.05348371183
9079.904396390897
9153.549435958705
9114.145234165782
9386.587709804007
9623.9529697795
9098.072631212113
9228.966164547253
9627.138385113512
9328.516863319363
8873.063015114642
9297.595226844687
9096.928175943907
9068.216470818397
9431.529882004812
8685.461360661275
8953.848180959949
9276.842790886136
9580.058603182879
9138.656813220321
9005.149844685291
8862.445125899721
9082.852932434458
9231.652928211171
9236.902652167582
9215.756492691997
8941.638692730488
9197.530121996499
9027.584181939452
9238.753451735667
8621.1101902255
8490.9444600461
8572.995173422978
8715.40117738973
8784.368468957833
9155.535275804212
8477.14504953784
8626.758645116839
8625.465366930674
8614.137758281055
8643.596487507064
8717.636244769794
8756.535172439459
8831.581026992537
8698.524994203384
8650.171468320515
8590.730334516693
8779.562981191832
8593.158318039486
9145.407382198951
8947.855975000339
8445.621777644894
8388.208673475085
8265.105994152127
8402.89231739959
8107.527135400815
8112.072071442897
8287.546704298613
8387.324566108486
8837.385261174242
8500.192116562155
8455.86373748938
8581.981371809963
8692.86197255122
8419.190524165522
7974.812096373297
8597.290844536023
8475.873428910974
8307.74889070361
8466.571984659337
8159.1888725758945
8178.0007826141455
8367.868240264865
8592.093343485165
8096.559651403604
8327.631674993976
7572.155639846389
8545.570490908902
7872.57981443782
8308.214115558512
8036.938303841976
8519.20159368489
8495.312590483087
8228.81008794423
8077.15258179869
8063.4335022446585
8643.843398295103
7933.048764676622
8165.539979054683
7818.602636697033
7833.460373608755
7991.534164638411
8338.609619110755
7664.178524872778
7663.661570805168
8427.533665759183
8329.934723703605
7721.893509033347
8327.604664637975
7599.689679356056
8197.665836812337
8447.320376405476
7632.221534394483
8009.974194443624
7970.997563595152
8150.753438374668
7873.724920373382
7758.77571539706
8002.5676307962185
7930.868709346115
8035.349925897292
7656.016098094701
7901.182023486736
7891.265370167776
7916.938460488085
7501.906798971433
7528.017327870123
7988.064684911199
7807.856934594647
7184.320537225605
8029.419375071951
7576.2235222504305
7733.152734562139
8204.735654856288
8021.77649143839
7798.265364046654
8132.050311264011
7748.409890661509
7653.828519042169
7936.110743210965
8160.715610601284
8049.490364175401
7609.860757356243
7407.18317870348
7845.173184178754
7666.833345313612
7608.325149663069
7577.002972280722
7484.59766962647
7382.770618177684
7671.1761823514435
7564.319050024729
7808.400454853576
7384.654919581333
7185.063985911425
7982.436245386092
7386.204006417407
7424.51438383845
7292.290522704424
7732.941223677058
7434.531097050591
7210.002379692273
7094.528616236176
7635.497614021631
7526.304523711578
7323.012740724246
7382.7464803480225
7544.910365791646
7456.492004367838
7648.713503153421
7472.2420589674575
7793.02259363328
7444.383526990291
7313.12852071335
7593.827445772508
7163.406060308178
7485.221083781997
7250.450145140213
7380.888359036149
7342.994859099069
7684.440031589112
7391.929908560993
7064.1967674941225
6976.921017020176
7216.865710625088
7192.869349056897
7212.1463799330595
7355.912362170906
7356.921885821977
7217.3300866847785
7057.039618977749
7117.496374545077
7313.163204538251
7381.54754166202
7438.325266151316
7121.180096143211
7067.947487496039
6984.544246450773
7416.983136228559
7601.875427684157
7238.033256869849
7207.847284771669
7417.244716985164
7022.387749078064
7031.148700707443
7308.234776729522
7017.720234914859
7095.353586932989
7290.266515513099
7151.707361609746
7392.192978067971
6812.477577426138
7080.17084737921
7405.913393003728
7608.427234044969
7274.686880714235
7011.130467379324
7205.051903729464
6625.534548990861
6992.503012080593
6904.407532461146
7313.697446069502
7072.688795184251
6931.623888622015
6899.29418704467
6789.777123148121
7160.053871785439
6845.655288102206
7135.394226875428
6791.622215890906
7259.032320993608
7024.470864297029
6865.07273811365
6806.2342682444
6742.007969720352
6683.815819821914
6768.453328314208
7063.883333711093
6610.012864734128
7088.856815809425
7312.911752163908
6999.01606121135
7199.856951228089
7084.471394765921
6953.96551009291
6728.253442764204
7220.536076166792
7004.384042414692
6878.0620223503975
6531.87511857697
6761.310683709734
7139.342381739244
7056.407997306576
6595.902811295732
6999.145666372434
7097.69941814037
7138.152254820801
6731.723200593864
6587.663875246061
6839.373931511701
6542.39226370683
6970.403970660898
6844.804057231717
7043.023668261579
6383.9292551321905
6968.06967603018
7073.671136677154
7311.790420046154
6519.867179984766
7045.944325318889
6253.7466950455
6787.261263289427
6466.244907377661
7021.038817058748
7132.773107094863
7097.268475798832
6682.635207794341
6638.030151874689
6653.998496845243
6375.183727123317
6799.07649398974
6547.555219532438
6438.049212965134
6550.230876715479
6654.456145560016
6827.372067712809
6553.856998671194
7157.217361628073
5973.940196521818
6532.954672066362
6404.346228862878
6282.430346818666
6514.780825064872
6598.96531401138
6641.397371836952
6638.320100776312
6625.1716893851
6839.854755494901
6883.352550666825
7048.537374017043
6874.9218021607285
6769.727291601789
6769.0388378439675
6445.538496824349
6637.766027883617
6436.6659256288685
6737.915020593139
5964.729270338936
6793.97411155329
6777.959874047823
6355.9985374642165
6811.181435536301
6519.915539936938
6916.953349467439
6537.946095856451
6394.546717735856
6395.66064636875
6415.935156329332
6172.562005264419
6756.421707898756
6306.920277831037
6392.116339665429
6633.39733519594
6802.530199245463
7060.325599546542
6430.001953758978
6201.673402010939
6705.497710147893
6463.857218194371
6264.893954781857
6592.612348798371
6381.625281983844
6263.6393973362065
6336.0923121421465
5955.406701613834
6252.46703755902
6532.900091081169
6569.078478056284
6513.31608439796
6434.240298564779
6203.805310693884
6257.7453247917165
5902.100763411719
6485.209856791626
6583.577104889922
6304.939927108069
6236.07142485705
6142.226808394053
6299.21490772315
6093.384922915006
6052.275104219886
6485.518738947924
6398.876100129829
6441.957371548622
6037.89106732762
5720.841620192367
6493.292510580993
5805.472031241083
6187.550566597696
6206.630890575553
5928.943021834416
6252.160004292028
6206.664317470423
6105.498325827948
6182.101724697957
5894.804819753364
6089.724557247873
6077.21104788269
6164.003650263867
6102.468716702899
6374.689251063005
6228.958862376699
5903.965054288652
6027.823140319845
6164.126208423661
6022.941519914478
5987.264642271661
6011.791982470537
6570.656504044253
5981.429719209454
6166.032507434235
5972.729250918941
6647.373315355562
5975.228548186912
5402.485035054534
5886.159596555506
6137.529045579121
5643.513317041308
5420.517086958243
6097.489158696378
6437.312567529895
5538.604245138818
5890.331940519236
6016.688098579544
5824.446437581342
5834.0734379697415
6256.449104440216
6236.555662620336
5726.599369803382
6065.115557858061
5786.8363947549215
5852.31034398972
5862.087880183707
5237.8237174759315
5974.953688191513
5942.703979899994
5919.51916464113
5501.611356758308
6029.942080755219
5513.493776008436
6224.052495477941
6329.471672681586
6087.40776555567
5870.350172187088
5712.637814657171
5857.646581507872
5802.801820517189
5874.097633426665
5574.6054188106955
5709.757003087673
5651.846647346352
5653.728497292237
5699.311071014973
5565.377863937077
5943.403029842928
5425.939337872264
5559.577876633769
5897.898742061147
6086.8757134306925
5663.131559814213
5523.3675489750485
5811.094298964482
5933.757365742672
5181.718078853924
5561.856252344265
6061.476887759913
5596.598544563352
5500.894238988818
5701.663594664767
5872.844977600912
5501.589675168646
5497.466113820437
5283.399308819693
5097.840805258918
5560.858229672234
5835.29735064366
5800.03790126579
5117.420356857791
5661.789502535129
5383.07498286882
5473.604996632408
5501.009915284206
5301.783876016862
5534.584143493024
5692.068674334522
5403.8862619923175
5196.830656346256
4908.6867576824925
5638.474085879413
5032.829231783157
5706.661439615185
5686.953206203032
5406.078719767591
5070.605282583951
5381.265123031848
5184.744482080801
4991.734997401066
5139.013693381843
5539.190977887877
5129.119084303288
5106.336433056864
4775.5531291308525
5275.765359417878
5474.757927125623
5233.635653231936
5372.62442548699
5041.670553658683
5401.446859137513
5049.970692474541
5022.962839893683
4867.302294041038
4827.226149681382
4756.337729806257
5269.137667890304
4935.070790829004
5071.570868511187
4915.225366369175
4877.684352160878
5001.056375507199
5347.2434105103475
5204.212414406917
5113.4223564278345
4898.482983517898
5172.833326382149
5318.636351280142
4830.772198861679
4890.229881379081
5030.083159447546
4968.145441955381
4787.053323811609
4995.888700602432
4613.034817405071
5011.958967449189
4685.792479530262
4923.6966952853545
4613.761596490591
4292.352033478014
4635.656732019379
4931.015856107073
4719.376047605611
4905.407216843609
4576.582906339027
5304.93989489774
4848.608363716855
4548.837381132586
4380.189481751804
4636.306195477026
4861.2863017986565
4422.035768349029
4251.04379271462
4719.795590259494
4531.741118222056
5115.478114471222
4984.382022547737
4733.3283081044465
4811.755286931107
4577.80814457784
4601.704218331577
4426.3131269895875
4893.948215647751
4545.306541705413
4592.691978512547
4467.495059587072
4708.9792627947845
4490.723375854807
4723.528121908031
4771.713033440425
4420.4036309205185
4546.924208375025
4524.798061112768
4413.026983573181
4612.639139635182
4275.389009839947
4328.012246496423
5234.727165263509
4656.1853239033135
4168.072099467761
4750.895242503781
3911.448479463618
4136.299721617765
4343.752317492402
4402.384992479286
4072.7307774943047
3902.803171931055
4481.950969022261
4376.760452318419
4384.861052199411
4083.229045127834
3995.685095173783
3403.175442201893
3937.1713313156993
4105.701516375079
3914.4907688752146
4520.716453962471
4184.215560217076
4213.017362310114
4463.499321677955
3988.965944435694
4043.537733768418
3869.5092288907676
3890.4108484983362
3816.941214959246
3735.4515748337258
3721.941109626596
3835.5083615579433
4068.3542081579108
3506.14156721216
3678.7248051595598
4042.5558998477904
3865.99647873454
3968.0807500371134
4363.162609242794
3594.962588990289
3746.0798608542655
4012.5936442874518
3407.144206971514
3822.621126265552
4042.4903089854834
3615.597064720255
4019.794419866013
3728.797743377289
3345.992285289736
4073.6048115737485
3857.072315238002
3621.367252943963
4017.333937886605
3499.6603550862123
3842.412966325884
3774.6206622897944
3841.6825398396672
3795.374433789344
3821.600079902611
3351.694374568703
3530.0984334740833
3766.2776439046743
3505.5267425149846
3752.4812902579984
3481.002207362854
4379.232675044569
3321.7942448160707
3661.231630540139
3714.943948113938
3358.4657247547
3737.009929456269
4156.237159442724
4148.753961055069
3797.5951879330405
3559.940239316486
3502.53832012784
3343.3979093301064
3482.673413926189
4053.7242239758216
3435.5633962805714
3416.038639315388
3650.5085387310805
3577.9406410054185
3140.4951025116943
3570.585190086355
3757.2582797479977
3318.0962951373303
3231.789526564844
3268.8900499875285
3333.9644088669966
3240.096294350375
3219.767705687324
3645.2421624369786
3505.987746845057
3352.654056093976
3510.5822017354767
3273.279144857286
3458.456846496201
3199.489208000283
3659.678006939134
3305.278300331729
3628.0775566510483
2650.629381770805
3424.7180783446724
3508.4184894526475
3486.6470466289366
3351.6864171057705
2997.6805906949057
3150.4518542823257
2988.2007236631716
2959.7278087758805
3169.5123874711517
2968.0760987624462
3176.800045778038
3292.23562785383
3190.006884889851
3308.4211275752677
3229.448156957932
2747.1255884086036
2790.1789343779983
3021.1550723110404
2867.891337801877
2366.3351419372143
2996.854316053051
2680.1260783693356
3671.6219578305304
3208.3268058575577
3235.1667733334975
2689.0093221241723
3535.174630006977
2733.6738531073256
3000.1775500466974
2815.2451159445905
3419.5433162839704
2946.7187577746963
3195.66350884256
3560.28752834615
3264.9616348255863
2802.669167942243
3315.010959307233
2638.132748928667
2921.817904243571
2852.837249999294
3428.2894608145157
3090.6564660227073
3089.3838891186324
2768.7352592524026
2916.3028207969496
2974.523746757735
3372.934055157265
2464.491069803429
3189.853308799721
3247.6043772121343
3157.5007112578232
2925.7542342233014
3471.316946348309
3151.1804724884987
2986.6701210638225
2985.878638539979
2634.6331652210515
2943.1802589106046
2770.2816532229212
3077.3285510756796
3001.202710191532
3306.919748127011
2830.9289561743567
2899.541753199839
3211.121071377973
3604.692419707082
3310.0408654027774
2641.78350786574
3288.6194786044457
2869.125071160824
2995.856884808768
2997.3481760447175
3139.218127353369
2625.143955595828
2976.651712652829
2790.6973153342565
3176.0481030740534
2707.841130052708
2852.3093886823754
2647.42635446601
2958.5416866062023
3153.13146599612
3006.7613648297447
2948.5768380399977
3120.640850715509
2717.469434581472
3016.656863084288
3118.024210738052
2810.228655515596
2531.2119898455167
3492.8332022858017
2764.480296664806
2747.7628867716708
3043.1622892540336
3190.4357180099228
2937.4900095607395
2641.8145501974836
2926.098338971554
3118.7406291105776
2955.176390869926
2778.6286973517363
2843.190618360206
2759.699634088967